t fi z E
0.000000 1.000000 1.000000 0.798257
0.010000 0.995300 0.999923 0.794803
0.020000 0.985914 0.999769 0.791400
0.030000 0.971867 0.999543 0.788089
0.040000 0.953199 0.999249 0.784916
0.050000 0.929962 0.998895 0.781925
0.060000 0.902228 0.998489 0.779169
0.070000 0.870081 0.998043 0.776700
0.080000 0.833628 0.997567 0.774577
0.090000 0.792995 0.997077 0.772857
0.100000 0.748332 0.996586 0.771599
0.110000 0.699811 0.996110 0.770860
0.120000 0.647633 0.995665 0.770691
0.130000 0.592023 0.995267 0.771133
0.140000 0.533238 0.994934 0.772216
0.150000 0.471560 0.994681 0.773950
0.160000 0.407300 0.994524 0.776330
0.170000 0.340795 0.994477 0.779325
0.180000 0.272406 0.994553 0.782880
0.190000 0.202517 0.994763 0.786918
0.200000 0.131528 0.995116 0.791341
0.210000 0.059853 0.995618 0.796031
0.220000 -0.012084 0.996275 0.800858
0.230000 -0.083860 0.997087 0.805685
0.240000 -0.155049 0.998053 0.810374
0.250000 -0.225236 0.999170 0.814796
0.260000 -0.294018 1.000431 0.818834
0.270000 -0.361008 1.001828 0.822387
0.280000 -0.425843 1.003349 0.825380
0.290000 -0.488181 1.004982 0.827759
0.300000 -0.547710 1.006714 0.829494
0.310000 -0.604146 1.008528 0.830577
0.320000 -0.657233 1.010410 0.831023
0.330000 -0.706745 1.012342 0.830860
0.340000 -0.752485 1.014309 0.830131
0.350000 -0.794285 1.016294 0.828888
0.360000 -0.832001 1.018282 0.827187
0.370000 -0.865515 1.020259 0.825090
0.380000 -0.894731 1.022212 0.822655
0.390000 -0.919573 1.024127 0.819940
0.400000 -0.939985 1.025996 0.817001
0.410000 -0.955927 1.027808 0.813887
0.420000 -0.967373 1.029557 0.810648
0.430000 -0.974314 1.031237 0.807327
0.440000 -0.976752 1.032845 0.803966
0.450000 -0.974701 1.034378 0.800604
0.460000 -0.968188 1.035838 0.797281
0.470000 -0.957251 1.037227 0.794035
0.480000 -0.941940 1.038547 0.790908
0.490000 -0.922320 1.039806 0.787940
0.500000 -0.898466 1.041010 0.785177
0.510000 -0.870470 1.042169 0.782665
0.520000 -0.838438 1.043292 0.780454
0.530000 -0.802495 1.044391 0.778592
0.540000 -0.762781 1.045480 0.777132
0.550000 -0.719459 1.046572 0.776120
0.560000 -0.672711 1.047682 0.775604
0.570000 -0.622741 1.048824 0.775620
0.580000 -0.569773 1.050013 0.776198
0.590000 -0.514056 1.051264 0.777354
0.600000 -0.455859 1.052592 0.779091
0.610000 -0.395473 1.054011 0.781395
0.620000 -0.333208 1.055532 0.784230
0.630000 -0.269392 1.057167 0.787545
0.640000 -0.204367 1.058926 0.791268
0.650000 -0.138488 1.060817 0.795312
0.660000 -0.072117 1.062845 0.799576
0.670000 -0.005620 1.065013 0.803950
0.680000 0.060635 1.067324 0.808319
0.690000 0.126286 1.069776 0.812569
0.700000 0.190978 1.072365 0.816593
0.710000 0.254370 1.075086 0.820291
0.720000 0.316133 1.077933 0.823581
0.730000 0.375960 1.080895 0.826396
0.740000 0.433561 1.083962 0.828687
0.750000 0.488672 1.087121 0.830426
0.760000 0.541051 1.090361 0.831600
0.770000 0.590480 1.093667 0.832214
0.780000 0.636767 1.097025 0.832288
0.790000 0.679743 1.100420 0.831852
0.800000 0.719264 1.103840 0.830945
0.810000 0.755207 1.107270 0.829612
0.820000 0.787469 1.110697 0.827901
0.830000 0.815970 1.114109 0.825863
0.840000 0.840644 1.117496 0.823548
0.850000 0.861445 1.120847 0.821003
0.860000 0.878341 1.124154 0.818275
0.870000 0.891313 1.127410 0.815409
0.880000 0.900356 1.130609 0.812445
0.890000 0.905478 1.133747 0.809422
0.900000 0.906696 1.136821 0.806378
0.910000 0.904038 1.139831 0.803349
0.920000 0.897544 1.142777 0.800369
0.930000 0.887263 1.145661 0.797475
0.940000 0.873253 1.148487 0.794701
0.950000 0.855586 1.151259 0.792083
0.960000 0.834340 1.153984 0.789658
0.970000 0.809610 1.156669 0.787463
0.980000 0.781498 1.159323 0.785537
0.990000 0.750122 1.161956 0.783917
1.000000 0.715611 1.164579 0.782640
1.010000 0.678110 1.167202 0.781739
1.020000 0.637775 1.169837 0.781246
1.030000 0.594779 1.172497 0.781186
1.040000 0.549309 1.175193 0.781577
1.050000 0.501566 1.177937 0.782429
1.060000 0.451766 1.180742 0.783742
1.070000 0.400138 1.183618 0.785505
1.080000 0.346922 1.186576 0.787694
1.090000 0.292372 1.189625 0.790273
1.100000 0.236748 1.192774 0.793195
1.110000 0.180319 1.196029 0.796401
1.120000 0.123360 1.199397 0.799822
1.130000 0.066148 1.202880 0.803384
1.140000 0.008961 1.206482 0.807006
1.150000 -0.047927 1.210203 0.810606
1.160000 -0.104244 1.214042 0.814106
1.170000 -0.159726 1.217996 0.817428
1.180000 -0.214118 1.222060 0.820504
1.190000 -0.267177 1.226230 0.823275
1.200000 -0.318674 1.230499 0.825689
1.210000 -0.368390 1.234857 0.827712
1.220000 -0.416127 1.239295 0.829315
1.230000 -0.461701 1.243805 0.830487
1.240000 -0.504943 1.248375 0.831223
1.250000 -0.545705 1.252994 0.831532
1.260000 -0.583853 1.257652 0.831428
1.270000 -0.619270 1.262337 0.830934
1.280000 -0.651856 1.267038 0.830079
1.290000 -0.681526 1.271745 0.828894
1.300000 -0.708210 1.276449 0.827414
1.310000 -0.731851 1.281139 0.825675
1.320000 -0.752405 1.285808 0.823713
1.330000 -0.769842 1.290448 0.821564
1.340000 -0.784141 1.295052 0.819265
1.350000 -0.795293 1.299615 0.816848
1.360000 -0.803298 1.304132 0.814347
1.370000 -0.808165 1.308600 0.811794
1.380000 -0.809913 1.313018 0.809220
1.390000 -0.808569 1.317383 0.806655
1.400000 -0.804167 1.321696 0.804126
1.410000 -0.796751 1.325958 0.801664
1.420000 -0.786370 1.330171 0.799295
1.430000 -0.773083 1.334340 0.797049
1.440000 -0.756955 1.338468 0.794952
1.450000 -0.738062 1.342560 0.793032
1.460000 -0.716485 1.346623 0.791315
1.470000 -0.692314 1.350664 0.789828
1.480000 -0.665649 1.354689 0.788595
1.490000 -0.636596 1.358708 0.787640
1.500000 -0.605271 1.362728 0.786982
1.510000 -0.571798 1.366758 0.786639
1.520000 -0.536312 1.370808 0.786623
1.530000 -0.498954 1.374886 0.786945
1.540000 -0.459874 1.379002 0.787605
1.550000 -0.419229 1.383164 0.788601
1.560000 -0.377185 1.387380 0.789924
1.570000 -0.333914 1.391658 0.791555
1.580000 -0.289594 1.396005 0.793473
1.590000 -0.244407 1.400428 0.795645
1.600000 -0.198541 1.404933 0.798037
1.610000 -0.152184 1.409523 0.800605
1.620000 -0.105529 1.414202 0.803304
1.630000 -0.058767 1.418973 0.806083
1.640000 -0.012088 1.423838 0.808891
1.650000 0.034320 1.428796 0.811677
1.660000 0.080271 1.433847 0.814391
1.670000 0.125586 1.438989 0.816983
1.680000 0.170091 1.444218 0.819410
1.690000 0.213620 1.449531 0.821633
1.700000 0.256012 1.454923 0.823617
1.710000 0.297118 1.460389 0.825336
1.720000 0.336797 1.465922 0.826769
1.730000 0.374917 1.471514 0.827902
1.740000 0.411358 1.477160 0.828727
1.750000 0.446008 1.482850 0.829242
1.760000 0.478767 1.488578 0.829452
1.770000 0.509546 1.494335 0.829366
1.780000 0.538265 1.500113 0.828996
1.790000 0.564853 1.505905 0.828361
1.800000 0.589252 1.511703 0.827478
1.810000 0.611411 1.517500 0.826369
1.820000 0.631287 1.523288 0.825058
1.830000 0.648849 1.529062 0.823568
1.840000 0.664071 1.534816 0.821925
1.850000 0.676935 1.540545 0.820151
1.860000 0.687434 1.546245 0.818272
1.870000 0.695562 1.551911 0.816312
1.880000 0.701326 1.557542 0.814295
1.890000 0.704733 1.563134 0.812243
1.900000 0.705802 1.568687 0.810179
1.910000 0.704554 1.574199 0.808125
1.920000 0.701016 1.579672 0.806103
1.930000 0.695223 1.585105 0.804134
1.940000 0.687212 1.590501 0.802239
1.950000 0.677028 1.595862 0.800436
1.960000 0.664720 1.601191 0.798746
1.970000 0.650342 1.606491 0.797188
1.980000 0.633954 1.611766 0.795780
1.990000 0.615621 1.617022 0.794538
2.000000 0.595412 1.622264 0.793478
2.010000 0.573403 1.627496 0.792616
2.020000 0.549674 1.632726 0.791963
2.030000 0.524310 1.637958 0.791531
2.040000 0.497401 1.643199 0.791327
2.050000 0.469042 1.648456 0.791357
2.060000 0.439332 1.653735 0.791625
2.070000 0.408376 1.659042 0.792129
2.080000 0.376280 1.664382 0.792865
2.090000 0.343157 1.669763 0.793826
2.100000 0.309123 1.675189 0.795001
2.110000 0.274295 1.680666 0.796374
2.120000 0.238793 1.686198 0.797927
2.130000 0.202741 1.691789 0.799640
2.140000 0.166263 1.697443 0.801486
2.150000 0.129483 1.703162 0.803439
2.160000 0.092526 1.708950 0.805471
2.170000 0.055519 1.714808 0.807551
2.180000 0.018583 1.720736 0.809649
2.190000 -0.018159 1.726735 0.811733
2.200000 -0.054587 1.732804 0.813773
2.210000 -0.090583 1.738942 0.815740
2.220000 -0.126035 1.745147 0.817607
2.230000 -0.160833 1.751417 0.819350
2.240000 -0.194871 1.757749 0.820946
2.250000 -0.228048 1.764140 0.822376
2.260000 -0.260269 1.770584 0.823624
2.270000 -0.291444 1.777078 0.824679
2.280000 -0.321488 1.783617 0.825530
2.290000 -0.350322 1.790196 0.826174
2.300000 -0.377874 1.796810 0.826607
2.310000 -0.404076 1.803453 0.826830
2.320000 -0.428867 1.810120 0.826848
2.330000 -0.452192 1.816805 0.826666
2.340000 -0.474003 1.823503 0.826293
2.350000 -0.494256 1.830208 0.825739
2.360000 -0.512912 1.836916 0.825016
2.370000 -0.529940 1.843622 0.824137
2.380000 -0.545313 1.850320 0.823116
2.390000 -0.559009 1.857007 0.821969
2.400000 -0.571011 1.863680 0.820710
2.410000 -0.581308 1.870333 0.819355
2.420000 -0.589892 1.876965 0.817921
2.430000 -0.596759 1.883573 0.816423
2.440000 -0.601913 1.890154 0.814878
2.450000 -0.605357 1.896707 0.813301
2.460000 -0.607102 1.903231 0.811707
2.470000 -0.607160 1.909725 0.810113
2.480000 -0.605550 1.916189 0.808533
2.490000 -0.602291 1.922623 0.806982
2.500000 -0.597409 1.929028 0.805474
2.510000 -0.590930 1.935405 0.804023
2.520000 -0.582887 1.941756 0.802643
2.530000 -0.573312 1.948083 0.801346
2.540000 -0.562245 1.954389 0.800144
2.550000 -0.549726 1.960676 0.799050
2.560000 -0.535798 1.966947 0.798074
2.570000 -0.520510 1.973206 0.797225
2.580000 -0.503912 1.979457 0.796513
2.590000 -0.486055 1.985703 0.795945
2.600000 -0.466998 1.991949 0.795529
2.610000 -0.446797 1.998199 0.795268
2.620000 -0.425515 2.004457 0.795167
2.630000 -0.403216 2.010727 0.795227
2.640000 -0.379966 2.017013 0.795449
2.650000 -0.355833 2.023321 0.795831
2.660000 -0.330890 2.029654 0.796370
2.670000 -0.305208 2.036015 0.797060
2.680000 -0.278863 2.042409 0.797894
2.690000 -0.251930 2.048840 0.798863
2.700000 -0.224486 2.055310 0.799956
2.710000 -0.196610 2.061822 0.801160
2.720000 -0.168381 2.068380 0.802462
2.730000 -0.139879 2.074985 0.803845
2.740000 -0.111182 2.081639 0.805295
2.750000 -0.082372 2.088343 0.806793
2.760000 -0.053526 2.095100 0.808322
2.770000 -0.024724 2.101908 0.809863
2.780000 0.003957 2.108770 0.811399
2.790000 0.032441 2.115683 0.812912
2.800000 0.060653 2.122648 0.814384
2.810000 0.088521 2.129664 0.815800
2.820000 0.115973 2.136729 0.817144
2.830000 0.142942 2.143842 0.818401
2.840000 0.169360 2.150999 0.819559
2.850000 0.195164 2.158200 0.820608
2.860000 0.220295 2.165441 0.821537
2.870000 0.244694 2.172719 0.822339
2.880000 0.268307 2.180031 0.823008
2.890000 0.291082 2.187373 0.823540
2.900000 0.312972 2.194743 0.823932
2.910000 0.333931 2.202136 0.824184
2.920000 0.353918 2.209549 0.824296
2.930000 0.372895 2.216978 0.824270
2.940000 0.390826 2.224420 0.824111
2.950000 0.407682 2.231870 0.823822
2.960000 0.423433 2.239326 0.823410
2.970000 0.438054 2.246784 0.822881
2.980000 0.451523 2.254241 0.822244
2.990000 0.463822 2.261692 0.821506
3.000000 0.474936 2.269137 0.820676
3.010000 0.484851 2.276571 0.819763
3.020000 0.493558 2.283992 0.818778
3.030000 0.501050 2.291399 0.817731
3.040000 0.507322 2.298789 0.816630
3.050000 0.512374 2.306160 0.815488
3.060000 0.516206 2.313512 0.814313
3.070000 0.518823 2.320842 0.813116
3.080000 0.520229 2.328151 0.811908
3.090000 0.520434 2.335438 0.810699
3.100000 0.519449 2.342702 0.809498
3.110000 0.517286 2.349944 0.808315
3.120000 0.513962 2.357165 0.807159
3.130000 0.509493 2.364365 0.806040
3.140000 0.503899 2.371544 0.804967
3.150000 0.497201 2.378705 0.803948
3.160000 0.489425 2.385849 0.802991
3.170000 0.480594 2.392977 0.802103
3.180000 0.470737 2.400092 0.801293
3.190000 0.459882 2.407196 0.800565
3.200000 0.448063 2.414291 0.799927
3.210000 0.435310 2.421379 0.799384
3.220000 0.421659 2.428463 0.798940
3.230000 0.407147 2.435546 0.798599
3.240000 0.391811 2.442631 0.798364
3.250000 0.375691 2.449721 0.798236
3.260000 0.358828 2.456818 0.798218
3.270000 0.341263 2.463925 0.798310
3.280000 0.323042 2.471046 0.798510
3.290000 0.304208 2.478182 0.798817
3.300000 0.284807 2.485338 0.799228
3.310000 0.264887 2.492514 0.799740
3.320000 0.244495 2.499715 0.800347
3.330000 0.223679 2.506942 0.801045
3.340000 0.202489 2.514198 0.801826
3.350000 0.180975 2.521484 0.802683
3.360000 0.159186 2.528803 0.803609
3.370000 0.137174 2.536155 0.804593
3.380000 0.114988 2.543544 0.805627
3.390000 0.092679 2.550968 0.806701
3.400000 0.070297 2.558431 0.807804
3.410000 0.047892 2.565931 0.808927
3.420000 0.025514 2.573471 0.810057
3.430000 0.003212 2.581049 0.811186
3.440000 -0.018966 2.588666 0.812302
3.450000 -0.040972 2.596321 0.813396
3.460000 -0.062761 2.604014 0.814456
3.470000 -0.084287 2.611743 0.815475
3.480000 -0.105505 2.619509 0.816444
3.490000 -0.126373 2.627310 0.817353
3.500000 -0.146848 2.635143 0.818197
3.510000 -0.166892 2.643008 0.818968
3.520000 -0.186466 2.650903 0.819661
3.530000 -0.205533 2.658825 0.820270
3.540000 -0.224057 2.666773 0.820793
3.550000 -0.242005 2.674745 0.821225
3.560000 -0.259346 2.682737 0.821566
3.570000 -0.276050 2.690748 0.821813
3.580000 -0.292089 2.698776 0.821966
3.590000 -0.307436 2.706817 0.822026
3.600000 -0.322068 2.714870 0.821995
3.610000 -0.335961 2.722931 0.821873
3.620000 -0.349097 2.730999 0.821663
3.630000 -0.361455 2.739071 0.821370
3.640000 -0.373019 2.747145 0.820996
3.650000 -0.383774 2.755218 0.820546
3.660000 -0.393708 2.763288 0.820025
3.670000 -0.402807 2.771354 0.819438
3.680000 -0.411064 2.779413 0.818791
3.690000 -0.418471 2.787464 0.818089
3.700000 -0.425020 2.795505 0.817338
3.710000 -0.430707 2.803535 0.816545
3.720000 -0.435531 2.811552 0.815716
3.730000 -0.439488 2.819555 0.814857
3.740000 -0.442581 2.827544 0.813975
3.750000 -0.444810 2.835517 0.813077
3.760000 -0.446179 2.843474 0.812168
3.770000 -0.446692 2.851415 0.811256
3.780000 -0.446357 2.859340 0.810347
3.790000 -0.445180 2.867248 0.809447
3.800000 -0.443171 2.875139 0.808563
3.810000 -0.440340 2.883015 0.807699
3.820000 -0.436699 2.890875 0.806863
3.830000 -0.432261 2.898721 0.806060
3.840000 -0.427039 2.906553 0.805294
3.850000 -0.421049 2.914372 0.804572
3.860000 -0.414309 2.922180 0.803898
3.870000 -0.406835 2.929977 0.803277
3.880000 -0.398647 2.937766 0.802712
3.890000 -0.389764 2.945547 0.802207
3.900000 -0.380207 2.953323 0.801766
3.910000 -0.369999 2.961094 0.801392
3.920000 -0.359162 2.968864 0.801086
3.930000 -0.347721 2.976634 0.800852
3.940000 -0.335701 2.984405 0.800691
3.950000 -0.323126 2.992180 0.800603
3.960000 -0.310024 2.999960 0.800590
3.970000 -0.296422 3.007748 0.800651
3.980000 -0.282348 3.015545 0.800785
3.990000 -0.267831 3.023353 0.800991
4.000000 -0.252900 3.031175 0.801269
4.010000 -0.237585 3.039012 0.801615
4.020000 -0.221917 3.046865 0.802026
4.030000 -0.205925 3.054737 0.802500
4.040000 -0.189643 3.062629 0.803033
4.050000 -0.173100 3.070543 0.803621
4.060000 -0.156330 3.078479 0.804259
4.070000 -0.139363 3.086439 0.804942
4.080000 -0.122233 3.094425 0.805664
4.090000 -0.104970 3.102437 0.806421
4.100000 -0.087609 3.110475 0.807206
4.110000 -0.070180 3.118541 0.808013
4.120000 -0.052716 3.126636 0.808835
4.130000 -0.035248 3.134758 0.809668
4.140000 -0.017807 3.142910 0.810503
4.150000 -0.000426 3.151090 0.811336
4.160000 0.016866 3.159299 0.812160
4.170000 0.034038 3.167537 0.812968
4.180000 0.051061 3.175803 0.813755
4.190000 0.067906 3.184096 0.814516
4.200000 0.084544 3.192416 0.815245
4.210000 0.100947 3.200762 0.815936
4.220000 0.117089 3.209133 0.816587
4.230000 0.132944 3.217528 0.817191
4.240000 0.148485 3.225946 0.817746
4.250000 0.163690 3.234386 0.818248
4.260000 0.178533 3.242846 0.818694
4.270000 0.192994 3.251325 0.819082
4.280000 0.207049 3.259821 0.819409
4.290000 0.220679 3.268333 0.819676
4.300000 0.233864 3.276860 0.819879
4.310000 0.246585 3.285399 0.820020
4.320000 0.258826 3.293949 0.820098
4.330000 0.270568 3.302508 0.820113
4.340000 0.281798 3.311075 0.820066
4.350000 0.292501 3.319647 0.819959
4.360000 0.302663 3.328224 0.819792
4.370000 0.312273 3.336804 0.819568
4.380000 0.321319 3.345385 0.819290
4.390000 0.329791 3.353965 0.818959
4.400000 0.337681 3.362544 0.818579
4.410000 0.344980 3.371120 0.818152
4.420000 0.351682 3.379691 0.817682
4.430000 0.357781 3.388256 0.817173
4.440000 0.363271 3.396814 0.816628
4.450000 0.368150 3.405365 0.816050
4.460000 0.372413 3.413906 0.815445
4.470000 0.376061 3.422438 0.814815
4.480000 0.379090 3.430960 0.814166
4.490000 0.381502 3.439470 0.813500
4.500000 0.383298 3.447970 0.812823
4.510000 0.384479 3.456457 0.812137
4.520000 0.385048 3.464932 0.811449
4.530000 0.385009 3.473394 0.810761
4.540000 0.384366 3.481845 0.810077
4.550000 0.383125 3.490283 0.809403
4.560000 0.381292 3.498709 0.808740
4.570000 0.378873 3.507124 0.808094
4.580000 0.375878 3.515527 0.807469
4.590000 0.372313 3.523919 0.806866
4.600000 0.368188 3.532301 0.806291
4.610000 0.363514 3.540673 0.805745
4.620000 0.358302 3.549037 0.805233
4.630000 0.352562 3.557393 0.804757
4.640000 0.346307 3.565743 0.804319
4.650000 0.339549 3.574086 0.803923
4.660000 0.332303 3.582425 0.803570
4.670000 0.324581 3.590760 0.803261
4.680000 0.316400 3.599093 0.803000
4.690000 0.307774 3.607425 0.802786
4.700000 0.298718 3.615757 0.802622
4.710000 0.289250 3.624091 0.802508
4.720000 0.279385 3.632427 0.802445
4.730000 0.269142 3.640767 0.802432
4.740000 0.258538 3.649113 0.802470
4.750000 0.247591 3.657466 0.802559
4.760000 0.236320 3.665827 0.802697
4.770000 0.224743 3.674197 0.802883
4.780000 0.212880 3.682577 0.803117
4.790000 0.200752 3.690970 0.803397
4.800000 0.188376 3.699375 0.803720
4.810000 0.175774 3.707795 0.804086
4.820000 0.162966 3.716230 0.804490
4.830000 0.149972 3.724681 0.804931
4.840000 0.136813 3.733149 0.805407
4.850000 0.123510 3.741635 0.805912
4.860000 0.110083 3.750139 0.806446
4.870000 0.096553 3.758663 0.807003
4.880000 0.082942 3.767207 0.807581
4.890000 0.069269 3.775772 0.808176
4.900000 0.055556 3.784357 0.808784
4.910000 0.041824 3.792964 0.809401
4.920000 0.028092 3.801592 0.810024
4.930000 0.014381 3.810241 0.810648
4.940000 0.000711 3.818912 0.811270
4.950000 -0.012897 3.827605 0.811886
4.960000 -0.026425 3.836319 0.812493
4.970000 -0.039854 3.845054 0.813086
4.980000 -0.053163 3.853809 0.813663
4.990000 -0.066334 3.862586 0.814219
5.000000 -0.079350 3.871382 0.814753
5.010000 -0.092193 3.880197 0.815260
5.020000 -0.104845 3.889031 0.815738
5.030000 -0.117288 3.897882 0.816185
5.040000 -0.129508 3.906751 0.816599
5.050000 -0.141488 3.915636 0.816976
5.060000 -0.153212 3.924536 0.817316
5.070000 -0.164665 3.933450 0.817616
5.080000 -0.175834 3.942378 0.817877
5.090000 -0.186705 3.951318 0.818095
5.100000 -0.197264 3.960269 0.818271
5.110000 -0.207499 3.969230 0.818405
5.120000 -0.217398 3.978200 0.818495
5.130000 -0.226949 3.987178 0.818543
5.140000 -0.236142 3.996163 0.818547
5.150000 -0.244967 4.005153 0.818509
5.160000 -0.253414 4.014147 0.818429
5.170000 -0.261475 4.023145 0.818309
5.180000 -0.269140 4.032145 0.818149
5.190000 -0.276403 4.041146 0.817950
5.200000 -0.283256 4.050147 0.817715
5.210000 -0.289694 4.059147 0.817445
5.220000 -0.295710 4.068145 0.817141
5.230000 -0.301299 4.077140 0.816806
5.240000 -0.306457 4.086131 0.816442
5.250000 -0.311180 4.095118 0.816050
5.260000 -0.315465 4.104100 0.815634
5.270000 -0.319308 4.113075 0.815196
5.280000 -0.322709 4.122044 0.814737
5.290000 -0.325665 4.131005 0.814262
5.300000 -0.328176 4.139959 0.813771
5.310000 -0.330241 4.148905 0.813269
5.320000 -0.331861 4.157842 0.812757
5.330000 -0.333036 4.166770 0.812238
5.340000 -0.333768 4.175689 0.811715
5.350000 -0.334058 4.184599 0.811191
5.360000 -0.333910 4.193499 0.810668
5.370000 -0.333326 4.202390 0.810148
5.380000 -0.332309 4.211272 0.809635
5.390000 -0.330864 4.220145 0.809131
5.400000 -0.328995 4.229009 0.808638
5.410000 -0.326708 4.237865 0.808159
5.420000 -0.324007 4.246712 0.807695
5.430000 -0.320898 4.255552 0.807250
5.440000 -0.317389 4.264384 0.806825
5.450000 -0.313485 4.273209 0.806422
5.460000 -0.309194 4.282028 0.806044
5.470000 -0.304524 4.290841 0.805691
5.480000 -0.299483 4.299650 0.805366
5.490000 -0.294080 4.308454 0.805070
5.500000 -0.288322 4.317255 0.804804
5.510000 -0.282221 4.326053 0.804569
5.520000 -0.275785 4.334849 0.804367
5.530000 -0.269023 4.343645 0.804199
5.540000 -0.261948 4.352440 0.804065
5.550000 -0.254569 4.361236 0.803965
5.560000 -0.246897 4.370034 0.803900
5.570000 -0.238944 4.378834 0.803871
5.580000 -0.230720 4.387639 0.803877
5.590000 -0.222239 4.396447 0.803918
5.600000 -0.213512 4.405261 0.803993
5.610000 -0.204551 4.414081 0.804103
5.620000 -0.195368 4.422909 0.804246
5.630000 -0.185978 4.431744 0.804422
5.640000 -0.176391 4.440589 0.804630
5.650000 -0.166622 4.449443 0.804869
5.660000 -0.156684 4.458307 0.805136
5.670000 -0.146590 4.467183 0.805431
5.680000 -0.136353 4.476071 0.805752
5.690000 -0.125988 4.484971 0.806098
5.700000 -0.115507 4.493885 0.806466
5.710000 -0.104924 4.502812 0.806854
5.720000 -0.094254 4.511753 0.807261
5.730000 -0.083509 4.520710 0.807685
5.740000 -0.072704 4.529681 0.808122
5.750000 -0.061852 4.538668 0.808571
5.760000 -0.050967 4.547671 0.809030
5.770000 -0.040062 4.556689 0.809495
5.780000 -0.029151 4.565724 0.809965
5.790000 -0.018249 4.574775 0.810438
5.800000 -0.007366 4.583843 0.810910
5.810000 0.003482 4.592927 0.811380
5.820000 0.014282 4.602027 0.811845
5.830000 0.025023 4.611144 0.812303
5.840000 0.035691 4.620276 0.812752
5.850000 0.046274 4.629424 0.813189
5.860000 0.056759 4.638588 0.813612
5.870000 0.067135 4.647767 0.814020
5.880000 0.077388 4.656960 0.814410
5.890000 0.087509 4.666168 0.814781
5.900000 0.097485 4.675389 0.815132
5.910000 0.107305 4.684624 0.815459
5.920000 0.116959 4.693871 0.815763
5.930000 0.126436 4.703131 0.816042
5.940000 0.135727 4.712401 0.816295
5.950000 0.144820 4.721683 0.816520
5.960000 0.153706 4.730975 0.816717
5.970000 0.162377 4.740275 0.816886
5.980000 0.170824 4.749585 0.817025
5.990000 0.179037 4.758902 0.817135
6.000000 0.187010 4.768226 0.817215
6.010000 0.194733 4.777556 0.817265
6.020000 0.202200 4.786892 0.817285
6.030000 0.209404 4.796232 0.817275
6.040000 0.216337 4.805576 0.817235
6.050000 0.222994 4.814923 0.817167
6.060000 0.229369 4.824273 0.817071
6.070000 0.235456 4.833624 0.816946
6.080000 0.241249 4.842975 0.816795
6.090000 0.246745 4.852327 0.816618
6.100000 0.251938 4.861678 0.816416
6.110000 0.256825 4.871028 0.816190
6.120000 0.261402 4.880376 0.815942
6.130000 0.265666 4.889721 0.815672
6.140000 0.269614 4.899062 0.815383
6.150000 0.273242 4.908400 0.815075
6.160000 0.276550 4.917734 0.814750
6.170000 0.279536 4.927063 0.814410
6.180000 0.282197 4.936387 0.814056
6.190000 0.284533 4.945705 0.813690
6.200000 0.286543 4.955017 0.813314
6.210000 0.288228 4.964323 0.812928
6.220000 0.289586 4.973622 0.812536
6.230000 0.290618 4.982915 0.812138
6.240000 0.291325 4.992201 0.811737
6.250000 0.291709 5.001479 0.811334
6.260000 0.291769 5.010751 0.810931
6.270000 0.291509 5.020015 0.810530
6.280000 0.290930 5.029273 0.810132
6.290000 0.290035 5.038523 0.809738
6.300000 0.288826 5.047767 0.809352
6.310000 0.287306 5.057003 0.808973
6.320000 0.285479 5.066234 0.808604
6.330000 0.283348 5.075457 0.808247
6.340000 0.280918 5.084675 0.807902
6.350000 0.278191 5.093887 0.807571
6.360000 0.275173 5.103094 0.807256
6.370000 0.271869 5.112296 0.806957
6.380000 0.268283 5.121493 0.806676
6.390000 0.264421 5.130687 0.806413
6.400000 0.260289 5.139877 0.806171
6.410000 0.255891 5.149063 0.805949
6.420000 0.251235 5.158248 0.805749
6.430000 0.246326 5.167430 0.805572
6.440000 0.241171 5.176611 0.805417
6.450000 0.235776 5.185791 0.805287
6.460000 0.230150 5.194972 0.805180
6.470000 0.224297 5.204152 0.805097
6.480000 0.218227 5.213334 0.805040
6.490000 0.211946 5.222518 0.805007
6.500000 0.205462 5.231704 0.804999
6.510000 0.198783 5.240893 0.805016
6.520000 0.191918 5.250086 0.805057
6.530000 0.184873 5.259283 0.805123
6.540000 0.177658 5.268486 0.805212
6.550000 0.170280 5.277694 0.805326
6.560000 0.162749 5.286908 0.805462
6.570000 0.155073 5.296129 0.805620
6.580000 0.147261 5.305357 0.805800
6.590000 0.139322 5.314593 0.806001
6.600000 0.131264 5.323838 0.806221
6.610000 0.123097 5.333092 0.806460
6.620000 0.114830 5.342355 0.806717
6.630000 0.106471 5.351628 0.806990
6.640000 0.098031 5.360912 0.807278
6.650000 0.089518 5.370206 0.807581
6.660000 0.080941 5.379511 0.807896
6.670000 0.072311 5.388828 0.808222
6.680000 0.063635 5.398156 0.808558
6.690000 0.054923 5.407496 0.808902
6.700000 0.046185 5.416848 0.809253
6.710000 0.037429 5.426213 0.809609
6.720000 0.028665 5.435590 0.809969
6.730000 0.019902 5.444979 0.810332
6.740000 0.011148 5.454381 0.810695
6.750000 0.002414 5.463796 0.811057
6.760000 -0.006293 5.473223 0.811417
6.770000 -0.014964 5.482663 0.811773
6.780000 -0.023590 5.492115 0.812124
6.790000 -0.032161 5.501580 0.812468
6.800000 -0.040671 5.511056 0.812804
6.810000 -0.049110 5.520545 0.813130
6.820000 -0.057471 5.530045 0.813446
6.830000 -0.065745 5.539556 0.813750
6.840000 -0.073924 5.549079 0.814041
6.850000 -0.082001 5.558612 0.814317
6.860000 -0.089967 5.568156 0.814578
6.870000 -0.097817 5.577709 0.814823
6.880000 -0.105541 5.587272 0.815051
6.890000 -0.113134 5.596845 0.815262
6.900000 -0.120589 5.606426 0.815453
6.910000 -0.127898 5.616015 0.815625
6.920000 -0.135055 5.625611 0.815778
6.930000 -0.142054 5.635215 0.815910
6.940000 -0.148889 5.644826 0.816022
6.950000 -0.155553 5.654443 0.816113
6.960000 -0.162043 5.664065 0.816182
6.970000 -0.168351 5.673692 0.816231
6.980000 -0.174472 5.683324 0.816258
6.990000 -0.180403 5.692959 0.816264
7.000000 -0.186137 5.702598 0.816249
7.010000 -0.191670 5.712239 0.816213
7.020000 -0.196999 5.721883 0.816157
7.030000 -0.202119 5.731528 0.816081
7.040000 -0.207025 5.741175 0.815985
7.050000 -0.211716 5.750822 0.815869
7.060000 -0.216186 5.760469 0.815735
7.070000 -0.220434 5.770116 0.815584
7.080000 -0.224456 5.779761 0.815415
7.090000 -0.228249 5.789405 0.815229
7.100000 -0.231811 5.799048 0.815028
7.110000 -0.235140 5.808688 0.814812
7.120000 -0.238234 5.818326 0.814582
7.130000 -0.241092 5.827960 0.814340
7.140000 -0.243711 5.837591 0.814085
7.150000 -0.246090 5.847218 0.813820
7.160000 -0.248229 5.856841 0.813544
7.170000 -0.250127 5.866460 0.813260
7.180000 -0.251783 5.876074 0.812968
7.190000 -0.253196 5.885683 0.812670
7.200000 -0.254368 5.895288 0.812367
7.210000 -0.255297 5.904887 0.812059
7.220000 -0.255984 5.914481 0.811748
7.230000 -0.256430 5.924069 0.811435
7.240000 -0.256635 5.933652 0.811121
7.250000 -0.256601 5.943229 0.810808
7.260000 -0.256328 5.952801 0.810496
7.270000 -0.255819 5.962368 0.810186
7.280000 -0.255074 5.971929 0.809880
7.290000 -0.254095 5.981484 0.809579
7.300000 -0.252885 5.991035 0.809284
7.310000 -0.251445 6.000580 0.808996
7.320000 -0.249779 6.010120 0.808715
7.330000 -0.247888 6.019656 0.808444
7.340000 -0.245775 6.029187 0.808182
7.350000 -0.243444 6.038714 0.807931
7.360000 -0.240897 6.048237 0.807691
7.370000 -0.238137 6.057756 0.807463
7.380000 -0.235169 6.067272 0.807249
7.390000 -0.231996 6.076785 0.807048
7.400000 -0.228621 6.086295 0.806862
7.410000 -0.225049 6.095803 0.806691
7.420000 -0.221284 6.105309 0.806535
7.430000 -0.217330 6.114814 0.806395
7.440000 -0.213190 6.124317 0.806272
7.450000 -0.208871 6.133820 0.806166
7.460000 -0.204377 6.143323 0.806077
7.470000 -0.199711 6.152826 0.806005
7.480000 -0.194881 6.162329 0.805951
7.490000 -0.189889 6.171834 0.805915
7.500000 -0.184742 6.181340 0.805896
7.510000 -0.179445 6.190848 0.805896
7.520000 -0.174003 6.200359 0.805913
7.530000 -0.168422 6.209873 0.805947
7.540000 -0.162707 6.219390 0.805999
7.550000 -0.156865 6.228912 0.806069
7.560000 -0.150900 6.238437 0.806155
7.570000 -0.144818 6.247968 0.806258
7.580000 -0.138627 6.257503 0.806376
7.590000 -0.132330 6.267044 0.806511
7.600000 -0.125936 6.276592 0.806660
7.610000 -0.119449 6.286145 0.806824
7.620000 -0.112876 6.295706 0.807001
7.630000 -0.106223 6.305273 0.807192
7.640000 -0.099496 6.314848 0.807395
7.650000 -0.092702 6.324431 0.807610
7.660000 -0.085846 6.334022 0.807835
7.670000 -0.078936 6.343621 0.808071
7.680000 -0.071977 6.353229 0.808315
7.690000 -0.064976 6.362845 0.808568
7.700000 -0.057939 6.372471 0.808828
7.710000 -0.050873 6.382106 0.809094
7.720000 -0.043784 6.391750 0.809365
7.730000 -0.036678 6.401404 0.809640
7.740000 -0.029561 6.411067 0.809919
7.750000 -0.022440 6.420741 0.810200
7.760000 -0.015320 6.430424 0.810483
7.770000 -0.008209 6.440116 0.810766
7.780000 -0.001113 6.449819 0.811048
7.790000 0.005964 6.459531 0.811328
7.800000 0.013014 6.469253 0.811605
7.810000 0.020031 6.478985 0.811879
7.820000 0.027011 6.488727 0.812149
7.830000 0.033945 6.498478 0.812412
7.840000 0.040830 6.508238 0.812670
7.850000 0.047660 6.518007 0.812920
7.860000 0.054428 6.527785 0.813162
7.870000 0.061129 6.537573 0.813395
7.880000 0.067758 6.547368 0.813618
7.890000 0.074309 6.557172 0.813831
7.900000 0.080778 6.566984 0.814033
7.910000 0.087158 6.576804 0.814224
7.920000 0.093446 6.586631 0.814402
7.930000 0.099636 6.596465 0.814567
7.940000 0.105723 6.606306 0.814719
7.950000 0.111702 6.616154 0.814857
7.960000 0.117570 6.626007 0.814982
7.970000 0.123322 6.635866 0.815091
7.980000 0.128953 6.645731 0.815187
7.990000 0.134459 6.655601 0.815267
8.000000 0.139836 6.665475 0.815332
8.010000 0.145080 6.675353 0.815382
8.020000 0.150188 6.685235 0.815416
8.030000 0.155156 6.695121 0.815436
8.040000 0.159981 6.705009 0.815440
8.050000 0.164658 6.714900 0.815428
8.060000 0.169185 6.724793 0.815402
8.070000 0.173559 6.734688 0.815361
8.080000 0.177777 6.744584 0.815305
8.090000 0.181837 6.754481 0.815235
8.100000 0.185735 6.764379 0.815151
8.110000 0.189468 6.774277 0.815053
8.120000 0.193036 6.784175 0.814942
8.130000 0.196436 6.794072 0.814818
8.140000 0.199665 6.803968 0.814682
8.150000 0.202722 6.813863 0.814534
8.160000 0.205605 6.823757 0.814374
8.170000 0.208312 6.833649 0.814204
8.180000 0.210843 6.843539 0.814024
8.190000 0.213195 6.853426 0.813834
8.200000 0.215368 6.863310 0.813636
8.210000 0.217362 6.873192 0.813429
8.220000 0.219174 6.883071 0.813215
8.230000 0.220804 6.892946 0.812995
8.240000 0.222253 6.902818 0.812768
8.250000 0.223519 6.912685 0.812536
8.260000 0.224602 6.922550 0.812300
8.270000 0.225502 6.932410 0.812060
8.280000 0.226220 6.942266 0.811817
8.290000 0.226755 6.952118 0.811572
8.300000 0.227108 6.961965 0.811325
8.310000 0.227280 6.971808 0.811078
8.320000 0.227270 6.981647 0.810831
8.330000 0.227081 6.991482 0.810585
8.340000 0.226711 7.001312 0.810341
8.350000 0.226164 7.011138 0.810099
8.360000 0.225440 7.020960 0.809860
8.370000 0.224540 7.030778 0.809625
8.380000 0.223465 7.040591 0.809395
8.390000 0.222218 7.050401 0.809170
8.400000 0.220799 7.060207 0.808951
8.410000 0.219211 7.070009 0.808738
8.420000 0.217456 7.079808 0.808533
8.430000 0.215536 7.089603 0.808336
8.440000 0.213452 7.099396 0.808147
8.450000 0.211207 7.109185 0.807967
8.460000 0.208804 7.118972 0.807796
8.470000 0.206245 7.128756 0.807636
8.480000 0.203532 7.138538 0.807486
8.490000 0.200669 7.148318 0.807346
8.500000 0.197658 7.158097 0.807218
8.510000 0.194502 7.167874 0.807101
8.520000 0.191204 7.177651 0.806997
8.530000 0.187767 7.187426 0.806904
8.540000 0.184194 7.197201 0.806824
8.550000 0.180489 7.206977 0.806756
8.560000 0.176654 7.216752 0.806701
8.570000 0.172695 7.226528 0.806659
8.580000 0.168613 7.236305 0.806630
8.590000 0.164412 7.246083 0.806614
8.600000 0.160097 7.255863 0.806611
8.610000 0.155671 7.265644 0.806620
8.620000 0.151137 7.275428 0.806643
8.630000 0.146500 7.285214 0.806678
8.640000 0.141763 7.295004 0.806726
8.650000 0.136932 7.304796 0.806787
8.660000 0.132008 7.314593 0.806860
8.670000 0.126998 7.324393 0.806944
8.680000 0.121904 7.334197 0.807040
8.690000 0.116731 7.344006 0.807148
8.700000 0.111483 7.353819 0.807266
8.710000 0.106165 7.363638 0.807395
8.720000 0.100781 7.373462 0.807534
8.730000 0.095335 7.383291 0.807683
8.740000 0.089832 7.393126 0.807841
8.750000 0.084275 7.402968 0.808007
8.760000 0.078669 7.412816 0.808181
8.770000 0.073020 7.422670 0.808363
8.780000 0.067330 7.432531 0.808552
8.790000 0.061605 7.442398 0.808748
8.800000 0.055849 7.452273 0.808949
8.810000 0.050066 7.462155 0.809155
8.820000 0.044261 7.472045 0.809365
8.830000 0.038439 7.481941 0.809579
8.840000 0.032603 7.491846 0.809797
8.850000 0.026758 7.501757 0.810017
8.860000 0.020909 7.511677 0.810238
8.870000 0.015059 7.521604 0.810461
8.880000 0.009214 7.531539 0.810684
8.890000 0.003378 7.541482 0.810907
8.900000 -0.002446 7.551432 0.811129
8.910000 -0.008252 7.561391 0.811350
8.920000 -0.014037 7.571356 0.811568
8.930000 -0.019796 7.581330 0.811783
8.940000 -0.025526 7.591311 0.811995
8.950000 -0.031222 7.601299 0.812203
8.960000 -0.036880 7.611295 0.812406
8.970000 -0.042496 7.621298 0.812603
8.980000 -0.048066 7.631309 0.812795
8.990000 -0.053586 7.641326 0.812980
9.000000 -0.059053 7.651350 0.813159
9.010000 -0.064463 7.661380 0.813330
9.020000 -0.069811 7.671417 0.813493
9.030000 -0.075094 7.681460 0.813648
9.040000 -0.080309 7.691509 0.813794
9.050000 -0.085453 7.701564 0.813931
9.060000 -0.090520 7.711625 0.814059
9.070000 -0.095510 7.721691 0.814177
9.080000 -0.100417 7.731761 0.814285
9.090000 -0.105239 7.741837 0.814382
9.100000 -0.109972 7.751917 0.814469
9.110000 -0.114615 7.762001 0.814545
9.120000 -0.119163 7.772089 0.814610
9.130000 -0.123613 7.782181 0.814665
9.140000 -0.127964 7.792276 0.814708
9.150000 -0.132212 7.802374 0.814739
9.160000 -0.136354 7.812475 0.814760
9.170000 -0.140389 7.822579 0.814770
9.180000 -0.144314 7.832685 0.814768
9.190000 -0.148125 7.842792 0.814755
9.200000 -0.151822 7.852901 0.814731
9.210000 -0.155402 7.863012 0.814696
9.220000 -0.158862 7.873123 0.814650
9.230000 -0.162202 7.883235 0.814594
9.240000 -0.165418 7.893348 0.814528
9.250000 -0.168510 7.903461 0.814451
9.260000 -0.171475 7.913574 0.814365
9.270000 -0.174312 7.923686 0.814269
9.280000 -0.177020 7.933798 0.814164
9.290000 -0.179597 7.943908 0.814050
9.300000 -0.182041 7.954018 0.813927
9.310000 -0.184353 7.964126 0.813797
9.320000 -0.186530 7.974233 0.813658
9.330000 -0.188571 7.984338 0.813512
9.340000 -0.190477 7.994441 0.813360
9.350000 -0.192245 8.004542 0.813201
9.360000 -0.193875 8.014641 0.813036
9.370000 -0.195367 8.024736 0.812865
9.380000 -0.196721 8.034830 0.812690
9.390000 -0.197934 8.044920 0.812510
9.400000 -0.199009 8.055008 0.812326
9.410000 -0.199943 8.065092 0.812139
9.420000 -0.200738 8.075174 0.811948
9.430000 -0.201393 8.085252 0.811756
9.440000 -0.201908 8.095327 0.811561
9.450000 -0.202283 8.105398 0.811365
9.460000 -0.202519 8.115466 0.811168
9.470000 -0.202616 8.125531 0.810971
9.480000 -0.202575 8.135592 0.810775
9.490000 -0.202395 8.145650 0.810579
9.500000 -0.202078 8.155705 0.810384
9.510000 -0.201624 8.165755 0.810191
9.520000 -0.201035 8.175803 0.810000
9.530000 -0.200311 8.185847 0.809813
9.540000 -0.199452 8.195888 0.809628
9.550000 -0.198461 8.205926 0.809448
9.560000 -0.197338 8.215961 0.809271
9.570000 -0.196084 8.225993 0.809100
9.580000 -0.194701 8.236022 0.808933
9.590000 -0.193190 8.246048 0.808772
9.600000 -0.191553 8.256072 0.808617
9.610000 -0.189791 8.266094 0.808468
9.620000 -0.187906 8.276113 0.808326
9.630000 -0.185900 8.286130 0.808192
9.640000 -0.183773 8.296145 0.808064
9.650000 -0.181529 8.306158 0.807944
9.660000 -0.179169 8.316170 0.807833
9.670000 -0.176695 8.326181 0.807729
9.680000 -0.174109 8.336190 0.807634
9.690000 -0.171413 8.346199 0.807548
9.700000 -0.168609 8.356207 0.807471
9.710000 -0.165700 8.366215 0.807403
9.720000 -0.162688 8.376222 0.807344
9.730000 -0.159575 8.386230 0.807294
9.740000 -0.156363 8.396237 0.807254
9.750000 -0.153056 8.406246 0.807224
9.760000 -0.149655 8.416255 0.807203
9.770000 -0.146163 8.426265 0.807191
9.780000 -0.142583 8.436277 0.807190
9.790000 -0.138918 8.446290 0.807198
9.800000 -0.135169 8.456305 0.807215
9.810000 -0.131341 8.466322 0.807242
9.820000 -0.127435 8.476341 0.807279
9.830000 -0.123455 8.486363 0.807324
9.840000 -0.119403 8.496387 0.807379
9.850000 -0.115282 8.506415 0.807442
9.860000 -0.111096 8.516446 0.807515
9.870000 -0.106846 8.526480 0.807595
9.880000 -0.102537 8.536518 0.807685
9.890000 -0.098171 8.546560 0.807782
9.900000 -0.093751 8.556606 0.807886
9.910000 -0.089280 8.566656 0.807998
9.920000 -0.084762 8.576711 0.808118
9.930000 -0.080199 8.586770 0.808244
9.940000 -0.075595 8.596834 0.808376
9.950000 -0.070953 8.606904 0.808515
9.960000 -0.066275 8.616978 0.808659
9.970000 -0.061566 8.627058 0.808808
9.980000 -0.056827 8.637143 0.808962
9.990000 -0.052063 8.647234 0.809121
10.000000 -0.047277 8.657330 0.809284
10.010000 -0.042471 8.667432 0.809450
10.020000 -0.037649 8.677541 0.809619
10.030000 -0.032814 8.687655 0.809791
10.040000 -0.027969 8.697775 0.809965
10.050000 -0.023117 8.707901 0.810141
10.060000 -0.018262 8.718033 0.810319
10.070000 -0.013407 8.728172 0.810497
10.080000 -0.008554 8.738317 0.810675
10.090000 -0.003707 8.748468 0.810853
10.100000 0.001131 8.758625 0.811031
10.110000 0.005958 8.768788 0.811208
10.120000 0.010769 8.778957 0.811383
10.130000 0.015562 8.789133 0.811556
10.140000 0.020334 8.799315 0.811727
10.150000 0.025083 8.809502 0.811895
10.160000 0.029804 8.819696 0.812060
10.170000 0.034496 8.829895 0.812222
10.180000 0.039154 8.840101 0.812379
10.190000 0.043778 8.850311 0.812532
10.200000 0.048363 8.860528 0.812680
10.210000 0.052907 8.870750 0.812823
10.220000 0.057408 8.880977 0.812961
10.230000 0.061862 8.891209 0.813092
10.240000 0.066266 8.901446 0.813218
10.250000 0.070620 8.911688 0.813337
10.260000 0.074918 8.921935 0.813450
10.270000 0.079161 8.932186 0.813556
10.280000 0.083344 8.942442 0.813654
10.290000 0.087465 8.952702 0.813746
10.300000 0.091523 8.962965 0.813829
10.310000 0.095514 8.973233 0.813905
10.320000 0.099437 8.983504 0.813973
10.330000 0.103289 8.993778 0.814033
10.340000 0.107068 9.004055 0.814085
10.350000 0.110772 9.014336 0.814129
10.360000 0.114399 9.024619 0.814164
10.370000 0.117948 9.034904 0.814191
10.380000 0.121416 9.045192 0.814210
10.390000 0.124801 9.055482 0.814220
10.400000 0.128101 9.065773 0.814222
10.410000 0.131315 9.076067 0.814216
10.420000 0.134442 9.086361 0.814201
10.430000 0.137479 9.096657 0.814178
10.440000 0.140425 9.106954 0.814147
10.450000 0.143278 9.117251 0.814108
10.460000 0.146038 9.127549 0.814062
10.470000 0.148702 9.137847 0.814007
10.480000 0.151270 9.148146 0.813945
10.490000 0.153740 9.158444 0.813876
10.500000 0.156110 9.168742 0.813799
10.510000 0.158381 9.179039 0.813715
10.520000 0.160551 9.189336 0.813625
10.530000 0.162619 9.199632 0.813529
10.540000 0.164584 9.209927 0.813426
10.550000 0.166445 9.220220 0.813317
10.560000 0.168202 9.230513 0.813203
10.570000 0.169853 9.240803 0.813083
10.580000 0.171399 9.251092 0.812958
10.590000 0.172838 9.261380 0.812828
10.600000 0.174171 9.271665 0.812695
10.610000 0.175395 9.281948 0.812557
10.620000 0.176513 9.292230 0.812415
10.630000 0.177522 9.302508 0.812270
10.640000 0.178423 9.312785 0.812122
10.650000 0.179215 9.323059 0.811971
10.660000 0.179899 9.333331 0.811818
10.670000 0.180475 9.343600 0.811663
10.680000 0.180942 9.353866 0.811507
10.690000 0.181300 9.364130 0.811349
10.700000 0.181550 9.374391 0.811191
10.710000 0.181692 9.384649 0.811032
10.720000 0.181726 9.394904 0.810873
10.730000 0.181653 9.405157 0.810715
10.740000 0.181472 9.415407 0.810557
10.750000 0.181185 9.425654 0.810400
10.760000 0.180792 9.435898 0.810245
10.770000 0.180293 9.446140 0.810092
10.780000 0.179689 9.456379 0.809940
10.790000 0.178981 9.466615 0.809791
10.800000 0.178169 9.476849 0.809645
10.810000 0.177255 9.487080 0.809502
10.820000 0.176239 9.497309 0.809362
10.830000 0.175122 9.507536 0.809226
10.840000 0.173905 9.517760 0.809095
10.850000 0.172589 9.527983 0.808967
10.860000 0.171175 9.538203 0.808844
10.870000 0.169664 9.548422 0.808726
10.880000 0.168058 9.558638 0.808614
10.890000 0.166358 9.568853 0.808506
10.900000 0.164565 9.579067 0.808404
10.910000 0.162680 9.589279 0.808308
10.920000 0.160704 9.599490 0.808219
10.930000 0.158640 9.609700 0.808135
10.940000 0.156488 9.619909 0.808058
10.950000 0.154251 9.630118 0.807987
10.960000 0.151929 9.640325 0.807923
10.970000 0.149524 9.650533 0.807866
10.980000 0.147038 9.660740 0.807815
10.990000 0.144473 9.670947 0.807772
11.000000 0.141830 9.681155 0.807736
11.010000 0.139111 9.691363 0.807707
11.020000 0.136318 9.701571 0.807685
11.030000 0.133452 9.711780 0.807670
11.040000 0.130516 9.721990 0.807663
11.050000 0.127512 9.732201 0.807663
11.060000 0.124440 9.742413 0.807670
11.070000 0.121304 9.752627 0.807684
11.080000 0.118106 9.762842 0.807706
11.090000 0.114846 9.773060 0.807734
11.100000 0.111528 9.783279 0.807770
11.110000 0.108153 9.793500 0.807812
11.120000 0.104724 9.803724 0.807861
11.130000 0.101242 9.813951 0.807917
11.140000 0.097710 9.824180 0.807979
11.150000 0.094130 9.834412 0.808048
11.160000 0.090504 9.844647 0.808122
11.170000 0.086835 9.854885 0.808203
11.180000 0.083123 9.865127 0.808289
11.190000 0.079373 9.875372 0.808381
11.200000 0.075585 9.885621 0.808478
11.210000 0.071763 9.895874 0.808580
11.220000 0.067908 9.906130 0.808687
11.230000 0.064023 9.916391 0.808799
11.240000 0.060110 9.926656 0.808914
11.250000 0.056171 9.936925 0.809034
11.260000 0.052208 9.947198 0.809158
11.270000 0.048225 9.957476 0.809285
11.280000 0.044223 9.967759 0.809415
11.290000 0.040204 9.978046 0.809548
11.300000 0.036171 9.988338 0.809684
11.310000 0.032126 9.998634 0.809822
11.320000 0.028071 10.008936 0.809961
11.330000 0.024010 10.019242 0.810102
11.340000 0.019943 10.029554 0.810245
11.350000 0.015873 10.039870 0.810388
11.360000 0.011803 10.050191 0.810532
11.370000 0.007735 10.060517 0.810677
11.380000 0.003671 10.070849 0.810821
11.390000 -0.000387 10.081185 0.810965
11.400000 -0.004437 10.091526 0.811108
11.410000 -0.008475 10.101873 0.811250
11.420000 -0.012501 10.112224 0.811391
11.430000 -0.016511 10.122580 0.811530
11.440000 -0.020504 10.132941 0.811668
11.450000 -0.024478 10.143307 0.811803
11.460000 -0.028430 10.153678 0.811935
11.470000 -0.032359 10.164054 0.812065
11.480000 -0.036261 10.174434 0.812192
11.490000 -0.040136 10.184818 0.812315
11.500000 -0.043981 10.195207 0.812435
11.510000 -0.047794 10.205601 0.812551
11.520000 -0.051573 10.215999 0.812662
11.530000 -0.055316 10.226401 0.812770
11.540000 -0.059021 10.236807 0.812873
11.550000 -0.062687 10.247217 0.812971
11.560000 -0.066311 10.257630 0.813064
11.570000 -0.069891 10.268048 0.813152
11.580000 -0.073427 10.278469 0.813235
11.590000 -0.076915 10.288893 0.813312
11.600000 -0.080355 10.299321 0.813383
11.610000 -0.083744 10.309752 0.813449
11.620000 -0.087081 10.320186 0.813509
11.630000 -0.090364 10.330623 0.813563
11.640000 -0.093591 10.341062 0.813611
11.650000 -0.096762 10.351504 0.813653
11.660000 -0.099874 10.361948 0.813688
11.670000 -0.102926 10.372394 0.813717
11.680000 -0.105917 10.382843 0.813740
11.690000 -0.108844 10.393293 0.813757
11.700000 -0.111708 10.403745 0.813767
11.710000 -0.114506 10.414198 0.813771
11.720000 -0.117237 10.424653 0.813769
11.730000 -0.119899 10.435109 0.813760
11.740000 -0.122493 10.445566 0.813745
11.750000 -0.125016 10.456024 0.813724
11.760000 -0.127467 10.466483 0.813697
11.770000 -0.129846 10.476942 0.813664
11.780000 -0.132151 10.487401 0.813624
11.790000 -0.134381 10.497861 0.813579
11.800000 -0.136535 10.508321 0.813529
11.810000 -0.138613 10.518781 0.813472
11.820000 -0.140613 10.529240 0.813410
11.830000 -0.142535 10.539699 0.813343
11.840000 -0.144377 10.550158 0.813271
11.850000 -0.146140 10.560615 0.813194
11.860000 -0.147823 10.571072 0.813112
11.870000 -0.149424 10.581528 0.813025
11.880000 -0.150944 10.591983 0.812935
11.890000 -0.152381 10.602437 0.812839
11.900000 -0.153735 10.612890 0.812740
11.910000 -0.155007 10.623341 0.812637
11.920000 -0.156194 10.633791 0.812531
11.930000 -0.157298 10.644239 0.812421
11.940000 -0.158317 10.654685 0.812309
11.950000 -0.159251 10.665130 0.812193
11.960000 -0.160101 10.675572 0.812075
11.970000 -0.160866 10.686013 0.811955
11.980000 -0.161545 10.696452 0.811832
11.990000 -0.162139 10.706889 0.811708
12.000000 -0.162648 10.717324 0.811582
12.010000 -0.163071 10.727756 0.811455
12.020000 -0.163409 10.738187 0.811327
12.030000 -0.163662 10.748615 0.811198
12.040000 -0.163829 10.759041 0.811069
12.050000 -0.163912 10.769464 0.810940
12.060000 -0.163909 10.779886 0.810810
12.070000 -0.163823 10.790305 0.810681
12.080000 -0.163652 10.800722 0.810553
12.090000 -0.163397 10.811137 0.810425
12.100000 -0.163058 10.821549 0.810298
12.110000 -0.162637 10.831959 0.810173
12.120000 -0.162132 10.842368 0.810050
12.130000 -0.161546 10.852774 0.809928
12.140000 -0.160878 10.863177 0.809808
12.150000 -0.160128 10.873579 0.809691
12.160000 -0.159299 10.883979 0.809576
12.170000 -0.158389 10.894377 0.809464
12.180000 -0.157401 10.904773 0.809355
12.190000 -0.156334 10.915168 0.809249
12.200000 -0.155189 10.925561 0.809147
12.210000 -0.153968 10.935952 0.809048
12.220000 -0.152670 10.946341 0.808953
12.230000 -0.151297 10.956730 0.808862
12.240000 -0.149851 10.967116 0.808776
12.250000 -0.148330 10.977502 0.808693
12.260000 -0.146738 10.987887 0.808615
12.270000 -0.145074 10.998271 0.808541
12.280000 -0.143340 11.008653 0.808473
12.290000 -0.141537 11.019035 0.808409
12.300000 -0.139666 11.029417 0.808350
12.310000 -0.137727 11.039798 0.808296
12.320000 -0.135723 11.050179 0.808248
12.330000 -0.133655 11.060559 0.808204
12.340000 -0.131522 11.070940 0.808166
12.350000 -0.129328 11.081320 0.808133
12.360000 -0.127073 11.091701 0.808106
12.370000 -0.124758 11.102082 0.808084
12.380000 -0.122385 11.112463 0.808068
12.390000 -0.119955 11.122845 0.808058
12.400000 -0.117470 11.133228 0.808052
12.410000 -0.114930 11.143612 0.808053
12.420000 -0.112337 11.153997 0.808059
12.430000 -0.109694 11.164383 0.808070
12.440000 -0.107000 11.174770 0.808087
12.450000 -0.104258 11.185159 0.808109
12.460000 -0.101469 11.195550 0.808136
12.470000 -0.098635 11.205942 0.808169
12.480000 -0.095757 11.216336 0.808207
12.490000 -0.092837 11.226732 0.808250
12.500000 -0.089876 11.237131 0.808298
12.510000 -0.086876 11.247531 0.808351
12.520000 -0.083838 11.257934 0.808409
12.530000 -0.080764 11.268340 0.808471
12.540000 -0.077657 11.278748 0.808538
12.550000 -0.074516 11.289159 0.808609
12.560000 -0.071344 11.299573 0.808685
12.570000 -0.068143 11.309990 0.808764
12.580000 -0.064915 11.320410 0.808848
12.590000 -0.061660 11.330833 0.808935
12.600000 -0.058381 11.341260 0.809025
12.610000 -0.055079 11.351690 0.809119
12.620000 -0.051756 11.362123 0.809216
12.630000 -0.048414 11.372560 0.809316
12.640000 -0.045054 11.383001 0.809419
12.650000 -0.041678 11.393445 0.809524
12.660000 -0.038288 11.403893 0.809631
12.670000 -0.034885 11.414345 0.809741
12.680000 -0.031472 11.424801 0.809852
12.690000 -0.028049 11.435260 0.809965
12.700000 -0.024619 11.445724 0.810080
12.710000 -0.021184 11.456192 0.810196
12.720000 -0.017744 11.466663 0.810312
12.730000 -0.014302 11.477139 0.810429
12.740000 -0.010859 11.487619 0.810547
12.750000 -0.007417 11.498103 0.810665
12.760000 -0.003978 11.508591 0.810783
12.770000 -0.000543 11.519083 0.810901
12.780000 0.002885 11.529579 0.811018
12.790000 0.006307 11.540080 0.811135
12.800000 0.009718 11.550584 0.811251
12.810000 0.013119 11.561093 0.811366
12.820000 0.016508 11.571605 0.811479
12.830000 0.019882 11.582122 0.811591
12.840000 0.023241 11.592642 0.811701
12.850000 0.026582 11.603166 0.811809
12.860000 0.029905 11.613695 0.811915
12.870000 0.033207 11.624226 0.812018
12.880000 0.036487 11.634762 0.812119
12.890000 0.039743 11.645301 0.812217
12.900000 0.042975 11.655844 0.812313
12.910000 0.046180 11.666391 0.812405
12.920000 0.049358 11.676941 0.812494
12.930000 0.052506 11.687494 0.812579
12.940000 0.055623 11.698050 0.812661
12.950000 0.058708 11.708610 0.812739
12.960000 0.061760 11.719173 0.812813
12.970000 0.064777 11.729739 0.812883
12.980000 0.067757 11.740307 0.812950
12.990000 0.070700 11.750878 0.813011
13.000000 0.073604 11.761452 0.813069
13.010000 0.076468 11.772029 0.813122
13.020000 0.079290 11.782608 0.813171
13.030000 0.082070 11.793189 0.813215
13.040000 0.084806 11.803772 0.813254
13.050000 0.087497 11.814358 0.813289
13.060000 0.090142 11.824945 0.813319
13.070000 0.092739 11.835535 0.813344
13.080000 0.095289 11.846125 0.813364
13.090000 0.097788 11.856718 0.813379
13.100000 0.100238 11.867312 0.813390
13.110000 0.102636 11.877907 0.813396
13.120000 0.104981 11.888503 0.813396
13.130000 0.107273 11.899101 0.813392
13.140000 0.109511 11.909699 0.813384
13.150000 0.111693 11.920298 0.813370
13.160000 0.113820 11.930898 0.813352
13.170000 0.115889 11.941498 0.813328
13.180000 0.117901 11.952099 0.813301
13.190000 0.119854 11.962700 0.813268
13.200000 0.121748 11.973301 0.813232
13.210000 0.123582 11.983902 0.813190
13.220000 0.125355 11.994504 0.813145
13.230000 0.127067 12.005104 0.813095
13.240000 0.128717 12.015705 0.813041
13.250000 0.130304 12.026305 0.812983
13.260000 0.131828 12.036905 0.812922
13.270000 0.133289 12.047504 0.812856
13.280000 0.134685 12.058103 0.812787
13.290000 0.136016 12.068700 0.812714
13.300000 0.137283 12.079297 0.812639
13.310000 0.138484 12.089893 0.812559
13.320000 0.139619 12.100487 0.812477
13.330000 0.140688 12.111081 0.812392
13.340000 0.141690 12.121673 0.812305
13.350000 0.142626 12.132264 0.812214
13.360000 0.143495 12.142853 0.812122
13.370000 0.144296 12.153441 0.812027
13.380000 0.145030 12.164028 0.811930
13.390000 0.145696 12.174613 0.811831
13.400000 0.146294 12.185196 0.811731
13.410000 0.146824 12.195778 0.811629
13.420000 0.147287 12.206358 0.811526
13.430000 0.147682 12.216936 0.811422
13.440000 0.148008 12.227512 0.811317
13.450000 0.148267 12.238087 0.811212
13.460000 0.148458 12.248660 0.811106
13.470000 0.148581 12.259231 0.810999
13.480000 0.148637 12.269800 0.810892
13.490000 0.148625 12.280367 0.810786
13.500000 0.148545 12.290932 0.810680
13.510000 0.148399 12.301496 0.810574
13.520000 0.148185 12.312058 0.810469
13.530000 0.147905 12.322618 0.810364
13.540000 0.147559 12.333176 0.810261
13.550000 0.147147 12.343732 0.810159
13.560000 0.146669 12.354286 0.810058
13.570000 0.146126 12.364839 0.809959
13.580000 0.145518 12.375390 0.809862
13.590000 0.144845 12.385940 0.809766
13.600000 0.144109 12.396488 0.809673
13.610000 0.143309 12.407034 0.809581
13.620000 0.142446 12.417579 0.809492
13.630000 0.141521 12.428122 0.809406
13.640000 0.140534 12.438664 0.809322
13.650000 0.139486 12.449205 0.809241
13.660000 0.138377 12.459745 0.809163
13.670000 0.137209 12.470283 0.809088
13.680000 0.135981 12.480820 0.809017
13.690000 0.134694 12.491357 0.808948
13.700000 0.133350 12.501892 0.808883
13.710000 0.131948 12.512427 0.808822
13.720000 0.130490 12.522961 0.808764
13.730000 0.128976 12.533494 0.808710
13.740000 0.127408 12.544027 0.808660
13.750000 0.125786 12.554559 0.808614
13.760000 0.124111 12.565091 0.808571
13.770000 0.122383 12.575623 0.808533
13.780000 0.120604 12.586154 0.808499
13.790000 0.118775 12.596686 0.808469
13.800000 0.116896 12.607217 0.808443
13.810000 0.114969 12.617749 0.808421
13.820000 0.112994 12.628281 0.808403
13.830000 0.110973 12.638814 0.808390
13.840000 0.108906 12.649347 0.808381
13.850000 0.106794 12.659881 0.808377
13.860000 0.104639 12.670415 0.808376
13.870000 0.102441 12.680951 0.808380
13.880000 0.100202 12.691487 0.808388
13.890000 0.097923 12.702024 0.808401
13.900000 0.095605 12.712563 0.808417
13.910000 0.093248 12.723103 0.808438
13.920000 0.090855 12.733644 0.808463
13.930000 0.088426 12.744187 0.808491
13.940000 0.085962 12.754731 0.808524
13.950000 0.083464 12.765277 0.808561
13.960000 0.080934 12.775825 0.808602
13.970000 0.078373 12.786375 0.808646
13.980000 0.075782 12.796926 0.808694
13.990000 0.073162 12.807480 0.808746
14.000000 0.070515 12.818036 0.808801
14.010000 0.067841 12.828595 0.808859
14.020000 0.065143 12.839156 0.808921
14.030000 0.062420 12.849719 0.808986
14.040000 0.059675 12.860285 0.809054
14.050000 0.056908 12.870853 0.809125
14.060000 0.054121 12.881424 0.809199
14.070000 0.051315 12.891998 0.809275
14.080000 0.048492 12.902575 0.809354
14.090000 0.045652 12.913154 0.809435
14.100000 0.042798 12.923737 0.809518
14.110000 0.039929 12.934322 0.809604
14.120000 0.037048 12.944911 0.809691
14.130000 0.034156 12.955503 0.809780
14.140000 0.031253 12.966098 0.809871
14.150000 0.028342 12.976696 0.809963
14.160000 0.025423 12.987298 0.810056
14.170000 0.022499 12.997902 0.810151
14.180000 0.019569 13.008510 0.810246
14.190000 0.016636 13.019122 0.810342
14.200000 0.013700 13.029736 0.810439
14.210000 0.010764 13.040354 0.810536
14.220000 0.007827 13.050976 0.810634
14.230000 0.004892 13.061601 0.810731
14.240000 0.001960 13.072229 0.810829
14.250000 -0.000969 13.082861 0.810926
14.260000 -0.003892 13.093496 0.811023
14.270000 -0.006809 13.104134 0.811119
14.280000 -0.009718 13.114776 0.811214
14.290000 -0.012618 13.125421 0.811309
14.300000 -0.015509 13.136069 0.811403
14.310000 -0.018388 13.146721 0.811495
14.320000 -0.021254 13.157376 0.811586
14.330000 -0.024107 13.168034 0.811675
14.340000 -0.026945 13.178695 0.811763
14.350000 -0.029767 13.189360 0.811849
14.360000 -0.032572 13.200027 0.811933
14.370000 -0.035359 13.210698 0.812015
14.380000 -0.038126 13.221372 0.812095
14.390000 -0.040872 13.232048 0.812172
14.400000 -0.043597 13.242728 0.812247
14.410000 -0.046299 13.253410 0.812319
14.420000 -0.048977 13.264095 0.812389
14.430000 -0.051631 13.274782 0.812455
14.440000 -0.054258 13.285473 0.812519
14.450000 -0.056858 13.296165 0.812580
14.460000 -0.059431 13.306860 0.812638
14.470000 -0.061974 13.317558 0.812692
14.480000 -0.064487 13.328258 0.812743
14.490000 -0.066969 13.338960 0.812791
14.500000 -0.069419 13.349664 0.812835
14.510000 -0.071836 13.360370 0.812876
14.520000 -0.074219 13.371078 0.812914
14.530000 -0.076568 13.381788 0.812947
14.540000 -0.078880 13.392499 0.812977
14.550000 -0.081157 13.403213 0.813004
14.560000 -0.083395 13.413927 0.813026
14.570000 -0.085596 13.424644 0.813045
14.580000 -0.087757 13.435361 0.813060
14.590000 -0.089879 13.446080 0.813072
14.600000 -0.091960 13.456800 0.813079
14.610000 -0.093999 13.467521 0.813083
14.620000 -0.095997 13.478243 0.813083
14.630000 -0.097951 13.488965 0.813079
14.640000 -0.099862 13.499689 0.813072
14.650000 -0.101728 13.510413 0.813061
14.660000 -0.103550 13.521138 0.813046
14.670000 -0.105326 13.531863 0.813027
14.680000 -0.107056 13.542589 0.813005
14.690000 -0.108738 13.553314 0.812979
14.700000 -0.110374 13.564040 0.812950
14.710000 -0.111962 13.574766 0.812917
14.720000 -0.113501 13.585492 0.812881
14.730000 -0.114991 13.596218 0.812841
14.740000 -0.116432 13.606944 0.812798
14.750000 -0.117822 13.617669 0.812752
14.760000 -0.119163 13.628394 0.812703
14.770000 -0.120452 13.639119 0.812651
14.780000 -0.121691 13.649843 0.812596
14.790000 -0.122877 13.660566 0.812538
14.800000 -0.124012 13.671289 0.812478
14.810000 -0.125094 13.682011 0.812415
14.820000 -0.126124 13.692732 0.812349
14.830000 -0.127101 13.703452 0.812281
14.840000 -0.128024 13.714171 0.812211
14.850000 -0.128895 13.724889 0.812139
14.860000 -0.129711 13.735607 0.812064
14.870000 -0.130474 13.746323 0.811988
14.880000 -0.131182 13.757037 0.811910
14.890000 -0.131837 13.767751 0.811830
14.900000 -0.132437 13.778463 0.811749
14.910000 -0.132982 13.789174 0.811667
14.920000 -0.133473 13.799884 0.811583
14.930000 -0.133910 13.810592 0.811498
14.940000 -0.134292 13.821299 0.811412
14.950000 -0.134619 13.832004 0.811326
14.960000 -0.134891 13.842708 0.811238
14.970000 -0.135109 13.853410 0.811151
14.980000 -0.135272 13.864111 0.811062
14.990000 -0.135380 13.874810 0.810974
15.000000 -0.135434 13.885508 0.810885
15.010000 -0.135434 13.896204 0.810797
15.020000 -0.135379 13.906899 0.810708
15.030000 -0.135270 13.917592 0.810620
15.040000 -0.135107 13.928284 0.810533
15.050000 -0.134891 13.938974 0.810446
15.060000 -0.134621 13.949662 0.810359
15.070000 -0.134297 13.960349 0.810274
15.080000 -0.133921 13.971035 0.810190
15.090000 -0.133491 13.981719 0.810106
15.100000 -0.133010 13.992402 0.810024
15.110000 -0.132476 14.003083 0.809943
15.120000 -0.131890 14.013763 0.809864
15.130000 -0.131252 14.024442 0.809787
15.140000 -0.130564 14.035119 0.809711
15.150000 -0.129825 14.045796 0.809637
15.160000 -0.129035 14.056471 0.809565
15.170000 -0.128195 14.067144 0.809495
15.180000 -0.127306 14.077817 0.809427
15.190000 -0.126368 14.088489 0.809362
15.200000 -0.125382 14.099160 0.809299
15.210000 -0.124347 14.109829 0.809238
15.220000 -0.123265 14.120498 0.809180
15.230000 -0.122135 14.131167 0.809125
15.240000 -0.120960 14.141834 0.809072
15.250000 -0.119738 14.152501 0.809022
15.260000 -0.118471 14.163167 0.808975
15.270000 -0.117160 14.173833 0.808931
15.280000 -0.115804 14.184499 0.808890
15.290000 -0.114405 14.195164 0.808852
15.300000 -0.112963 14.205828 0.808817
15.310000 -0.111479 14.216493 0.808786
15.320000 -0.109954 14.227158 0.808757
15.330000 -0.108388 14.237822 0.808732
15.340000 -0.106781 14.248487 0.808710
15.350000 -0.105135 14.259151 0.808691
15.360000 -0.103451 14.269816 0.808676
15.370000 -0.101729 14.280481 0.808664
15.380000 -0.099969 14.291147 0.808655
15.390000 -0.098173 14.301813 0.808650
15.400000 -0.096342 14.312480 0.808648
15.410000 -0.094476 14.323147 0.808649
15.420000 -0.092575 14.333816 0.808654
15.430000 -0.090642 14.344485 0.808662
15.440000 -0.088676 14.355155 0.808673
15.450000 -0.086679 14.365825 0.808687
15.460000 -0.084651 14.376497 0.808705
15.470000 -0.082593 14.387171 0.808726
15.480000 -0.080506 14.397845 0.808751
15.490000 -0.078391 14.408521 0.808778
15.500000 -0.076249 14.419198 0.808808
15.510000 -0.074081 14.429877 0.808842
15.520000 -0.071887 14.440557 0.808878
15.530000 -0.069668 14.451239 0.808917
15.540000 -0.067426 14.461923 0.808960
15.550000 -0.065161 14.472609 0.809004
15.560000 -0.062875 14.483296 0.809052
15.570000 -0.060567 14.493985 0.809102
15.580000 -0.058240 14.504677 0.809155
15.590000 -0.055894 14.515370 0.809210
15.600000 -0.053529 14.526066 0.809268
15.610000 -0.051148 14.536764 0.809327
15.620000 -0.048750 14.547464 0.809389
15.630000 -0.046337 14.558166 0.809453
15.640000 -0.043910 14.568871 0.809519
15.650000 -0.041470 14.579578 0.809587
15.660000 -0.039018 14.590288 0.809656
15.670000 -0.036554 14.601000 0.809727
15.680000 -0.034079 14.611715 0.809800
15.690000 -0.031596 14.622432 0.809874
15.700000 -0.029104 14.633152 0.809949
15.710000 -0.026604 14.643875 0.810026
15.720000 -0.024098 14.654600 0.810103
15.730000 -0.021587 14.665328 0.810181
15.740000 -0.019071 14.676059 0.810261
15.750000 -0.016551 14.686793 0.810340
15.760000 -0.014029 14.697529 0.810421
15.770000 -0.011505 14.708268 0.810502
15.780000 -0.008980 14.719010 0.810583
15.790000 -0.006456 14.729755 0.810664
15.800000 -0.003933 14.740503 0.810745
15.810000 -0.001412 14.751253 0.810827
15.820000 0.001106 14.762007 0.810908
15.830000 0.003620 14.772763 0.810989
15.840000 0.006128 14.783522 0.811069
15.850000 0.008631 14.794284 0.811149
15.860000 0.011127 14.805048 0.811228
15.870000 0.013615 14.815815 0.811306
15.880000 0.016094 14.826585 0.811383
15.890000 0.018563 14.837358 0.811460
15.900000 0.021022 14.848134 0.811535
15.910000 0.023470 14.858912 0.811609
15.920000 0.025905 14.869693 0.811681
15.930000 0.028327 14.880476 0.811753
15.940000 0.030735 14.891262 0.811822
15.950000 0.033127 14.902051 0.811890
15.960000 0.035504 14.912842 0.811956
15.970000 0.037864 14.923635 0.812020
15.980000 0.040207 14.934431 0.812083
15.990000 0.042531 14.945229 0.812143
16.000000 0.044836 14.956029 0.812201
16.010000 0.047120 14.966832 0.812257
16.020000 0.049384 14.977637 0.812310
16.030000 0.051626 14.988444 0.812362
16.040000 0.053846 14.999253 0.812410
16.050000 0.056043 15.010064 0.812457
16.060000 0.058215 15.020876 0.812500
16.070000 0.060363 15.031691 0.812542
16.080000 0.062485 15.042508 0.812580
16.090000 0.064581 15.053326 0.812616
16.100000 0.066650 15.064146 0.812649
16.110000 0.068692 15.074967 0.812679
16.120000 0.070705 15.085790 0.812706
16.130000 0.072689 15.096614 0.812731
16.140000 0.074643 15.107440 0.812752
16.150000 0.076567 15.118267 0.812771
16.160000 0.078460 15.129095 0.812786
16.170000 0.080321 15.139925 0.812799
16.180000 0.082150 15.150755 0.812809
16.190000 0.083946 15.161586 0.812815
16.200000 0.085709 15.172418 0.812819
16.210000 0.087438 15.183251 0.812820
16.220000 0.089132 15.194085 0.812817
16.230000 0.090790 15.204919 0.812812
16.240000 0.092414 15.215754 0.812804
16.250000 0.094001 15.226590 0.812793
16.260000 0.095551 15.237425 0.812779
16.270000 0.097064 15.248261 0.812762
16.280000 0.098540 15.259098 0.812742
16.290000 0.099977 15.269934 0.812720
16.300000 0.101376 15.280771 0.812695
16.310000 0.102736 15.291608 0.812667
16.320000 0.104057 15.302445 0.812636
16.330000 0.105337 15.313281 0.812603
16.340000 0.106578 15.324118 0.812567
16.350000 0.107778 15.334954 0.812528
16.360000 0.108937 15.345790 0.812487
16.370000 0.110055 15.356625 0.812444
16.380000 0.111132 15.367460 0.812399
16.390000 0.112166 15.378295 0.812351
16.400000 0.113159 15.389129 0.812301
16.410000 0.114109 15.399962 0.812249
16.420000 0.115017 15.410795 0.812195
16.430000 0.115881 15.421627 0.812139
16.440000 0.116703 15.432458 0.812081
16.450000 0.117481 15.443288 0.812022
16.460000 0.118216 15.454118 0.811961
16.470000 0.118907 15.464946 0.811898
16.480000 0.119554 15.475774 0.811834
16.490000 0.120158 15.486600 0.811768
16.500000 0.120717 15.497426 0.811701
16.510000 0.121232 15.508250 0.811633
16.520000 0.121703 15.519074 0.811564
16.530000 0.122130 15.529896 0.811494
16.540000 0.122512 15.540717 0.811423
16.550000 0.122849 15.551537 0.811351
16.560000 0.123143 15.562355 0.811279
16.570000 0.123391 15.573173 0.811206
16.580000 0.123595 15.583989 0.811132
16.590000 0.123755 15.594804 0.811058
16.600000 0.123870 15.605617 0.810984
16.610000 0.123941 15.616429 0.810910
16.620000 0.123968 15.627240 0.810836
16.630000 0.123950 15.638050 0.810761
16.640000 0.123889 15.648859 0.810687
16.650000 0.123783 15.659666 0.810614
16.660000 0.123633 15.670472 0.810540
16.670000 0.123440 15.681276 0.810467
16.680000 0.123203 15.692079 0.810395
16.690000 0.122922 15.702882 0.810323
16.700000 0.122599 15.713682 0.810253
16.710000 0.122232 15.724482 0.810183
16.720000 0.121823 15.735280 0.810114
16.730000 0.121371 15.746078 0.810046
16.740000 0.120876 15.756874 0.809979
16.750000 0.120340 15.767669 0.809913
16.760000 0.119762 15.778463 0.809849
16.770000 0.119142 15.789256 0.809787
16.780000 0.118481 15.800047 0.809725
16.790000 0.117779 15.810838 0.809666
16.800000 0.117037 15.821628 0.809608
16.810000 0.116254 15.832417 0.809552
16.820000 0.115432 15.843206 0.809497
16.830000 0.114570 15.853993 0.809445
16.840000 0.113669 15.864780 0.809394
16.850000 0.112729 15.875566 0.809346
16.860000 0.111751 15.886351 0.809300
16.870000 0.110736 15.897136 0.809255
16.880000 0.109682 15.907920 0.809213
16.890000 0.108592 15.918704 0.809174
16.900000 0.107465 15.929487 0.809136
16.910000 0.106302 15.940270 0.809101
16.920000 0.105104 15.951052 0.809069
16.930000 0.103870 15.961835 0.809039
16.940000 0.102602 15.972617 0.809011
16.950000 0.101299 15.983399 0.808986
16.960000 0.099963 15.994181 0.808963
16.970000 0.098594 16.004963 0.808943
16.980000 0.097193 16.015746 0.808926
16.990000 0.095760 16.026528 0.808911
17.000000 0.094295 16.037310 0.808899
17.010000 0.092799 16.048093 0.808890
17.020000 0.091273 16.058876 0.808883
17.030000 0.089718 16.069660 0.808879
17.040000 0.088133 16.080444 0.808877
17.050000 0.086520 16.091229 0.808878
17.060000 0.084879 16.102014 0.808882
17.070000 0.083211 16.112800 0.808888
17.080000 0.081516 16.123587 0.808897
17.090000 0.079796 16.134375 0.808909
17.100000 0.078050 16.145163 0.808923
17.110000 0.076279 16.155953 0.808940
17.120000 0.074485 16.166743 0.808959
17.130000 0.072667 16.177535 0.808981
17.140000 0.070826 16.188328 0.809005
17.150000 0.068964 16.199122 0.809032
17.160000 0.067080 16.209917 0.809061
17.170000 0.065176 16.220714 0.809093
17.180000 0.063252 16.231512 0.809126
17.190000 0.061308 16.242311 0.809162
17.200000 0.059347 16.253112 0.809200
17.210000 0.057367 16.263915 0.809240
17.220000 0.055370 16.274719 0.809283
17.230000 0.053357 16.285525 0.809327
17.240000 0.051329 16.296333 0.809373
17.250000 0.049285 16.307143 0.809421
17.260000 0.047227 16.317954 0.809471
17.270000 0.045156 16.328768 0.809523
17.280000 0.043072 16.339583 0.809576
17.290000 0.040977 16.350400 0.809631
17.300000 0.038870 16.361219 0.809687
17.310000 0.036752 16.372041 0.809745
17.320000 0.034625 16.382864 0.809804
17.330000 0.032489 16.393690 0.809864
17.340000 0.030344 16.404518 0.809926
17.350000 0.028192 16.415348 0.809988
17.360000 0.026033 16.426180 0.810052
17.370000 0.023869 16.437014 0.810116
17.380000 0.021699 16.447851 0.810181
17.390000 0.019524 16.458690 0.810247
17.400000 0.017346 16.469531 0.810314
17.410000 0.015165 16.480375 0.810381
17.420000 0.012981 16.491221 0.810449
17.430000 0.010796 16.502069 0.810517
17.440000 0.008610 16.512920 0.810585
17.450000 0.006424 16.523773 0.810653
17.460000 0.004239 16.534628 0.810722
17.470000 0.002056 16.545486 0.810790
17.480000 -0.000126 16.556346 0.810858
17.490000 -0.002305 16.567209 0.810927
17.500000 -0.004480 16.578074 0.810994
17.510000 -0.006650 16.588941 0.811062
17.520000 -0.008816 16.599811 0.811129
17.530000 -0.010976 16.610683 0.811195
17.540000 -0.013129 16.621557 0.811261
17.550000 -0.015275 16.632434 0.811326
17.560000 -0.017413 16.643313 0.811390
17.570000 -0.019543 16.654194 0.811453
17.580000 -0.021663 16.665078 0.811515
17.590000 -0.023773 16.675963 0.811576
17.600000 -0.025872 16.686851 0.811636
17.610000 -0.027960 16.697741 0.811695
17.620000 -0.030036 16.708633 0.811753
17.630000 -0.032099 16.719528 0.811809
17.640000 -0.034149 16.730424 0.811863
17.650000 -0.036185 16.741322 0.811916
17.660000 -0.038206 16.752223 0.811968
17.670000 -0.040211 16.763125 0.812018
17.680000 -0.042201 16.774029 0.812066
17.690000 -0.044174 16.784935 0.812112
17.700000 -0.046129 16.795843 0.812156
17.710000 -0.048067 16.806752 0.812199
17.720000 -0.049987 16.817664 0.812240
17.730000 -0.051887 16.828577 0.812278
17.740000 -0.053767 16.839491 0.812315
17.750000 -0.055628 16.850407 0.812349
17.760000 -0.057467 16.861325 0.812382
17.770000 -0.059285 16.872244 0.812412
17.780000 -0.061081 16.883164 0.812440
17.790000 -0.062855 16.894086 0.812466
17.800000 -0.064606 16.905009 0.812489
17.810000 -0.066333 16.915933 0.812510
17.820000 -0.068035 16.926859 0.812529
17.830000 -0.069714 16.937785 0.812546
17.840000 -0.071367 16.948713 0.812560
17.850000 -0.072994 16.959641 0.812572
17.860000 -0.074595 16.970570 0.812581
17.870000 -0.076170 16.981501 0.812588
17.880000 -0.077718 16.992432 0.812593
17.890000 -0.079238 17.003363 0.812596
17.900000 -0.080730 17.014296 0.812596
17.910000 -0.082194 17.025229 0.812593
17.920000 -0.083629 17.036162 0.812589
17.930000 -0.085035 17.047096 0.812581
17.940000 -0.086411 17.058031 0.812572
17.950000 -0.087757 17.068965 0.812560
17.960000 -0.089073 17.079900 0.812546
17.970000 -0.090358 17.090836 0.812530
17.980000 -0.091612 17.101771 0.812512
17.990000 -0.092834 17.112706 0.812491
18.000000 -0.094024 17.123642 0.812468
18.010000 -0.095183 17.134577 0.812443
18.020000 -0.096309 17.145513 0.812416
18.030000 -0.097402 17.156448 0.812386
18.040000 -0.098462 17.167383 0.812355
18.050000 -0.099489 17.178318 0.812322
18.060000 -0.100482 17.189253 0.812287
18.070000 -0.101441 17.200187 0.812250
18.080000 -0.102367 17.211121 0.812211
18.090000 -0.103257 17.222055 0.812170
18.100000 -0.104114 17.232988 0.812128
18.110000 -0.104935 17.243920 0.812084
18.120000 -0.105722 17.254852 0.812038
18.130000 -0.106473 17.265783 0.811991
18.140000 -0.107189 17.276714 0.811942
18.150000 -0.107870 17.287644 0.811892
18.160000 -0.108515 17.298573 0.811841
18.170000 -0.109124 17.309501 0.811788
18.180000 -0.109697 17.320429 0.811734
18.190000 -0.110235 17.331356 0.811679
18.200000 -0.110736 17.342282 0.811623
18.210000 -0.111201 17.353207 0.811566
18.220000 -0.111629 17.364131 0.811508
18.230000 -0.112022 17.375054 0.811449
18.240000 -0.112377 17.385976 0.811390
18.250000 -0.112697 17.396897 0.811329
18.260000 -0.112980 17.407817 0.811268
18.270000 -0.113226 17.418736 0.811207
18.280000 -0.113436 17.429654 0.811145
18.290000 -0.113609 17.440571 0.811083
18.300000 -0.113746 17.451487 0.811021
18.310000 -0.113846 17.462402 0.810958
18.320000 -0.113910 17.473316 0.810895
18.330000 -0.113937 17.484228 0.810833
18.340000 -0.113928 17.495140 0.810770
18.350000 -0.113883 17.506050 0.810707
18.360000 -0.113801 17.516960 0.810645
18.370000 -0.113684 17.527868 0.810583
18.380000 -0.113530 17.538775 0.810521
18.390000 -0.113341 17.549681 0.810460
18.400000 -0.113115 17.560586 0.810399
18.410000 -0.112855 17.571490 0.810338
18.420000 -0.112558 17.582393 0.810279
18.430000 -0.112227 17.593295 0.810220
18.440000 -0.111860 17.604196 0.810162
18.450000 -0.111458 17.615096 0.810105
18.460000 -0.111022 17.625995 0.810048
18.470000 -0.110551 17.636893 0.809993
18.480000 -0.110045 17.647791 0.809939
18.490000 -0.109506 17.658687 0.809886
18.500000 -0.108932 17.669582 0.809834
18.510000 -0.108325 17.680477 0.809784
18.520000 -0.107684 17.691371 0.809734
18.530000 -0.107011 17.702264 0.809687
18.540000 -0.106304 17.713156 0.809640
18.550000 -0.105565 17.724048 0.809595
18.560000 -0.104794 17.734939 0.809552
18.570000 -0.103990 17.745829 0.809510
18.580000 -0.103155 17.756719 0.809470
18.590000 -0.102289 17.767609 0.809432
18.600000 -0.101391 17.778497 0.809395
18.610000 -0.100463 17.789386 0.809361
18.620000 -0.099505 17.800274 0.809328
18.630000 -0.098516 17.811162 0.809297
18.640000 -0.097498 17.822049 0.809267
18.650000 -0.096451 17.832936 0.809240
18.660000 -0.095374 17.843823 0.809215
18.670000 -0.094269 17.854710 0.809192
18.680000 -0.093137 17.865597 0.809170
18.690000 -0.091976 17.876483 0.809151
18.700000 -0.090788 17.887370 0.809134
18.710000 -0.089573 17.898257 0.809119
18.720000 -0.088332 17.909144 0.809106
18.730000 -0.087065 17.920031 0.809095
18.740000 -0.085772 17.930918 0.809086
18.750000 -0.084454 17.941806 0.809080
18.760000 -0.083112 17.952694 0.809075
18.770000 -0.081745 17.963582 0.809073
18.780000 -0.080355 17.974471 0.809073
18.790000 -0.078941 17.985360 0.809075
18.800000 -0.077505 17.996250 0.809079
18.810000 -0.076046 18.007140 0.809085
18.820000 -0.074565 18.018032 0.809093
18.830000 -0.073063 18.028923 0.809103
18.840000 -0.071541 18.039816 0.809116
18.850000 -0.069998 18.050709 0.809130
18.860000 -0.068435 18.061604 0.809146
18.870000 -0.066853 18.072499 0.809165
18.880000 -0.065252 18.083395 0.809185
18.890000 -0.063633 18.094293 0.809207
18.900000 -0.061997 18.105191 0.809232
18.910000 -0.060343 18.116091 0.809258
18.920000 -0.058673 18.126991 0.809286
18.930000 -0.056986 18.137893 0.809316
18.940000 -0.055284 18.148796 0.809347
18.950000 -0.053567 18.159701 0.809380
18.960000 -0.051836 18.170607 0.809415
18.970000 -0.050091 18.181514 0.809452
18.980000 -0.048333 18.192423 0.809490
18.990000 -0.046561 18.203333 0.809530
19.000000 -0.044778 18.214245 0.809571
19.010000 -0.042983 18.225159 0.809613
19.020000 -0.041177 18.236074 0.809657
19.030000 -0.039361 18.246990 0.809703
19.040000 -0.037535 18.257909 0.809749
19.050000 -0.035699 18.268829 0.809797
19.060000 -0.033855 18.279751 0.809846
19.070000 -0.032002 18.290674 0.809896
19.080000 -0.030143 18.301600 0.809947
19.090000 -0.028276 18.312527 0.809999
19.100000 -0.026402 18.323456 0.810051
19.110000 -0.024523 18.334387 0.810105
19.120000 -0.022639 18.345320 0.810159
19.130000 -0.020750 18.356255 0.810214
19.140000 -0.018857 18.367192 0.810270
19.150000 -0.016960 18.378130 0.810326
19.160000 -0.015061 18.389071 0.810383
19.170000 -0.013159 18.400014 0.810440
19.180000 -0.011255 18.410958 0.810497
19.190000 -0.009351 18.421905 0.810555
19.200000 -0.007446 18.432854 0.810613
19.210000 -0.005540 18.443804 0.810671
19.220000 -0.003636 18.454757 0.810729
19.230000 -0.001732 18.465712 0.810787
19.240000 0.000169 18.476668 0.810845
19.250000 0.002069 18.487627 0.810903
19.260000 0.003965 18.498588 0.810960
19.270000 0.005858 18.509551 0.811018
19.280000 0.007747 18.520515 0.811074
19.290000 0.009632 18.531482 0.811131
19.300000 0.011511 18.542451 0.811187
19.310000 0.013385 18.553422 0.811242
19.320000 0.015253 18.564394 0.811297
19.330000 0.017113 18.575369 0.811351
19.340000 0.018966 18.586345 0.811404
19.350000 0.020812 18.597324 0.811457
19.360000 0.022649 18.608304 0.811508
19.370000 0.024477 18.619286 0.811559
19.380000 0.026295 18.630270 0.811608
19.390000 0.028104 18.641256 0.811657
19.400000 0.029902 18.652243 0.811704
19.410000 0.031689 18.663232 0.811750
19.420000 0.033464 18.674223 0.811795
19.430000 0.035227 18.685216 0.811839
19.440000 0.036978 18.696210 0.811881
19.450000 0.038715 18.707206 0.811922
19.460000 0.040439 18.718204 0.811962
19.470000 0.042149 18.729203 0.812000
19.480000 0.043844 18.740203 0.812037
19.490000 0.045524 18.751205 0.812072
19.500000 0.047189 18.762208 0.812105
19.510000 0.048838 18.773213 0.812137
19.520000 0.050470 18.784219 0.812167
19.530000 0.052085 18.795227 0.812196
19.540000 0.053683 18.806235 0.812223
19.550000 0.055263 18.817245 0.812248
19.560000 0.056825 18.828256 0.812271
19.570000 0.058368 18.839268 0.812292
19.580000 0.059892 18.850282 0.812312
19.590000 0.061397 18.861296 0.812330
19.600000 0.062882 18.872311 0.812346
19.610000 0.064346 18.883327 0.812360
19.620000 0.065790 18.894344 0.812372
19.630000 0.067212 18.905362 0.812382
19.640000 0.068613 18.916380 0.812390
19.650000 0.069992 18.927400 0.812397
19.660000 0.071349 18.938420 0.812401
19.670000 0.072683 18.949440 0.812404
19.680000 0.073995 18.960461 0.812405
19.690000 0.075283 18.971483 0.812404
19.700000 0.076547 18.982505 0.812400
19.710000 0.077787 18.993528 0.812395
19.720000 0.079003 19.004551 0.812389
19.730000 0.080195 19.015574 0.812380
19.740000 0.081362 19.026598 0.812369
19.750000 0.082503 19.037621 0.812357
19.760000 0.083619 19.048645 0.812343
19.770000 0.084709 19.059669 0.812326
19.780000 0.085773 19.070694 0.812309
19.790000 0.086811 19.081718 0.812289
19.800000 0.087822 19.092742 0.812268
19.810000 0.088806 19.103766 0.812245
19.820000 0.089764 19.114790 0.812220
19.830000 0.090693 19.125814 0.812193
19.840000 0.091596 19.136838 0.812165
19.850000 0.092471 19.147861 0.812136
19.860000 0.093317 19.158884 0.812105
19.870000 0.094136 19.169907 0.812072
19.880000 0.094926 19.180930 0.812038
19.890000 0.095688 19.191952 0.812003
19.900000 0.096421 19.202973 0.811966
19.910000 0.097126 19.213994 0.811928
19.920000 0.097801 19.225015 0.811889
19.930000 0.098447 19.236035 0.811848
19.940000 0.099064 19.247055 0.811806
19.950000 0.099651 19.258074 0.811763
19.960000 0.100209 19.269092 0.811720
19.970000 0.100738 19.280110 0.811675
19.980000 0.101236 19.291127 0.811629
19.990000 0.101705 19.302143 0.811582
20.000000 0.102144 19.313158 0.811534
