t fi z E
0.000000 1.100000 1.000000 2.619776
0.100000 0.956851 0.979825 2.311480
0.200000 0.673814 0.948612 2.133184
0.300000 0.266498 0.926800 2.314659
0.400000 -0.205633 0.939031 3.038138
0.500000 -0.630538 0.998601 3.838138
0.600000 -0.909916 1.092517 3.986010
0.700000 -1.025196 1.191776 3.670231
0.800000 -1.006064 1.276913 3.325190
0.900000 -0.883224 1.344995 3.064286
1.000000 -0.680532 1.404252 2.936932
1.100000 -0.422975 1.468547 3.024075
1.200000 -0.143075 1.551981 3.344380
1.300000 0.121488 1.662989 3.747827
1.400000 0.339025 1.800483 4.008326
1.500000 0.493669 1.955461 4.043653
1.600000 0.584877 2.116781 3.932921
1.700000 0.620290 2.276011 3.775976
1.800000 0.609726 2.429019 3.628385
1.900000 0.562626 2.575436 3.514836
2.000000 0.487615 2.717474 3.448521
2.100000 0.392751 2.858724 3.436589
2.200000 0.285758 3.003077 3.477613
2.300000 0.173973 3.153835 3.558909
2.400000 0.064060 3.313095 3.658479
2.500000 -0.038390 3.481480 3.751882
2.600000 -0.129159 3.658238 3.820199
2.700000 -0.205501 3.841618 3.854565
2.800000 -0.266023 4.029367 3.855742
2.900000 -0.310424 4.219210 3.830622
3.000000 -0.339202 4.409201 3.788411
3.100000 -0.353378 4.597927 3.738067
3.200000 -0.354301 4.784584 3.687155
3.300000 -0.343505 4.968949 3.641566
3.400000 -0.322623 5.151289 3.605582
3.500000 -0.293334 5.332241 3.581961
3.600000 -0.257322 5.512667 3.571976
3.700000 -0.216253 5.693521 3.575432
3.800000 -0.171739 5.875723 3.590762
3.900000 -0.125314 6.060058 3.615258
4.000000 -0.078401 6.247105 3.645446
4.100000 -0.032283 6.437200 3.677565
4.200000 0.011916 6.630423 3.708053
4.300000 0.053251 6.826621 3.733959
4.400000 0.090957 7.025448 3.753202
4.500000 0.124452 7.226418 3.764667
4.600000 0.153326 7.428967 3.768150
4.700000 0.177322 7.632506 3.764208
4.800000 0.196327 7.836476 3.753950
4.900000 0.210344 8.040388 3.738835
5.000000 0.219479 8.243849 3.720485
5.100000 0.223921 8.446583 3.700537
5.200000 0.223927 8.648433 3.680537
5.300000 0.219809 8.849361 3.661854
5.400000 0.211920 9.049435 3.645631
5.500000 0.200646 9.248812 3.632748
5.600000 0.186397 9.447719 3.623799
5.700000 0.169598 9.646428 3.619087
5.800000 0.150680 9.845232 3.618631
5.900000 0.130077 10.044428 3.622182
6.000000 0.108217 10.244292 3.629264
6.100000 0.085517 10.445066 3.639211
6.200000 0.062375 10.646942 3.651228
6.300000 0.039171 10.850057 3.664452
6.400000 0.016256 11.054486 3.678007
6.500000 -0.006047 11.260245 3.691069
6.600000 -0.027450 11.467291 3.702906
6.700000 -0.047695 11.675531 3.712919
6.800000 -0.066562 11.884828 3.720666
6.900000 -0.083865 12.095016 3.725866
7.000000 -0.099455 12.305907 3.728404
7.100000 -0.113214 12.517304 3.728317
7.200000 -0.125059 12.729008 3.725772
7.300000 -0.134936 12.940835 3.721046
7.400000 -0.142820 13.152616 3.714499
7.500000 -0.148712 13.364209 3.706548
7.600000 -0.152636 13.575501 3.697640
7.700000 -0.154639 13.786413 3.688234
7.800000 -0.154787 13.996896 3.678774
7.900000 -0.153161 14.206938 3.669678
8.000000 -0.149858 14.416556 3.661318
8.100000 -0.144987 14.625796 3.654013
8.200000 -0.138670 14.834729 3.648018
8.300000 -0.131033 15.043444 3.643520
8.400000 -0.122214 15.252043 3.640634
8.500000 -0.112352 15.460640 3.639403
8.600000 -0.101591 15.669350 3.639802
8.700000 -0.090077 15.878287 3.641741
8.800000 -0.077957 16.087558 3.645075
8.900000 -0.065374 16.297260 3.649610
9.000000 -0.052471 16.507476 3.655115
9.100000 -0.039386 16.718273 3.661333
9.200000 -0.026253 16.929700 3.667992
9.300000 -0.013199 17.141785 3.674819
9.400000 -0.000344 17.354538 3.681548
9.500000 0.012198 17.567950 3.687931
9.600000 0.024325 17.781996 3.693747
9.700000 0.035940 17.996631 3.698809
9.800000 0.046957 18.211801 3.702965
9.900000 0.057299 18.427438 3.706107
10.000000 0.066901 18.643467 3.708167
10.100000 0.075704 18.859809 3.709119
10.200000 0.083661 19.076382 3.708976
10.300000 0.090733 19.293102 3.707788
10.400000 0.096893 19.509893 3.705636
10.500000 0.102119 19.726681 3.702627
10.600000 0.106400 19.943400 3.698891
10.700000 0.109733 20.159994 3.694573
10.800000 0.112122 20.376418 3.689831
10.900000 0.113577 20.592637 3.684825
11.000000 0.114119 20.808628 3.679717
11.100000 0.113770 21.024380 3.674663
11.200000 0.112561 21.239894 3.669812
11.300000 0.110527 21.455181 3.665298
11.400000 0.107708 21.670264 3.661240
11.500000 0.104148 21.885172 3.657741
11.600000 0.099895 22.099944 3.654881
11.700000 0.095000 22.314623 3.652720
11.800000 0.089517 22.529259 3.651295
11.900000 0.083500 22.743903 3.650623
12.000000 0.077008 22.958608 3.650697
12.100000 0.070100 23.173425 3.651492
12.200000 0.062834 23.388406 3.652962
12.300000 0.055270 23.603598 3.655046
12.400000 0.047468 23.819045 3.657668
12.500000 0.039487 24.034782 3.660741
12.600000 0.031386 24.250843 3.664169
12.700000 0.023221 24.467252 3.667849
12.800000 0.015049 24.684026 3.671676
12.900000 0.006922 24.901174 3.675547
13.000000 -0.001108 25.118700 3.679359
13.100000 -0.008992 25.336598 3.683016
13.200000 -0.016683 25.554856 3.686429
13.300000 -0.024138 25.773457 3.689520
13.400000 -0.031316 25.992376 3.692221
13.500000 -0.038180 26.211585 3.694476
13.600000 -0.044695 26.431052 3.696243
13.700000 -0.050830 26.650739 3.697494
13.800000 -0.056558 26.870609 3.698212
13.900000 -0.061854 27.090622 3.698398
14.000000 -0.066698 27.310740 3.698061
14.100000 -0.071072 27.530923 3.697224
14.200000 -0.074961 27.751134 3.695920
14.300000 -0.078355 27.971337 3.694193
14.400000 -0.081247 28.191502 3.692094
14.500000 -0.083630 28.411598 3.689678
14.600000 -0.085505 28.631603 3.687010
14.700000 -0.086872 28.851496 3.684154
14.800000 -0.087734 29.071262 3.681178
14.900000 -0.088100 29.290892 3.678149
15.000000 -0.087977 29.510378 3.675134
15.100000 -0.087379 29.729722 3.672197
15.200000 -0.086317 29.948928 3.669398
15.300000 -0.084809 30.168004 3.666792
15.400000 -0.082872 30.386963 3.664428
15.500000 -0.080525 30.605822 3.662350
15.600000 -0.077789 30.824599 3.660594
15.700000 -0.074687 31.043319 3.659187
15.800000 -0.071243 31.262003 3.658150
15.900000 -0.067482 31.480680 3.657494
16.000000 -0.063428 31.699374 3.657223
16.100000 -0.059110 31.918114 3.657335
16.200000 -0.054553 32.136927 3.657816
16.300000 -0.049786 32.355838 3.658650
16.400000 -0.044836 32.574872 3.659811
16.500000 -0.039732 32.794053 3.661269
16.600000 -0.034501 33.013401 3.662988
16.700000 -0.029172 33.232934 3.664929
16.800000 -0.023773 33.452669 3.667049
16.900000 -0.018330 33.672618 3.669303
17.000000 -0.012871 33.892789 3.671646
17.100000 -0.007422 34.113190 3.674030
17.200000 -0.002009 34.333823 3.676410
17.300000 0.003345 34.554687 3.678740
17.400000 0.008614 34.775778 3.680980
17.500000 0.013777 34.997090 3.683089
17.600000 0.018811 35.218613 3.685031
17.700000 0.023696 35.440334 3.686774
17.800000 0.028412 35.662239 3.688292
17.900000 0.032942 35.884312 3.689561
18.000000 0.037269 36.106535 3.690565
18.100000 0.041376 36.328886 3.691291
18.200000 0.045250 36.551348 3.691732
18.300000 0.048878 36.773897 3.691887
18.400000 0.052249 36.996514 3.691759
18.500000 0.055353 37.219177 3.691356
18.600000 0.058180 37.441866 3.690691
18.700000 0.060725 37.664561 3.689781
18.800000 0.062981 37.887244 3.688645
18.900000 0.064943 38.109898 3.687309
19.000000 0.066609 38.332508 3.685798
19.100000 0.067977 38.555061 3.684140
19.200000 0.069046 38.777545 3.682366
19.300000 0.069816 38.999951 3.680508
19.400000 0.070291 39.222273 3.678596
19.500000 0.070473 39.444505 3.676664
19.600000 0.070366 39.666646 3.674741
19.700000 0.069975 39.888696 3.672860
19.800000 0.069308 40.110657 3.671048
19.900000 0.068370 40.332533 3.669334
20.000000 0.067171 40.554332 3.667742
20.100000 0.065718 40.776060 3.666294
20.200000 0.064023 40.997728 3.665011
20.300000 0.062096 41.219348 3.663909
20.400000 0.059948 41.440932 3.663002
20.500000 0.057590 41.662494 3.662299
20.600000 0.055035 41.884047 3.661809
20.700000 0.052297 42.105608 3.661534
20.800000 0.049388 42.327190 3.661475
20.900000 0.046322 42.548810 3.661628
21.000000 0.043113 42.770482 3.661988
21.100000 0.039776 42.992221 3.662545
21.200000 0.036324 43.214041 3.663287
21.300000 0.032773 43.435956 3.664200
21.400000 0.029137 43.657976 3.665268
21.500000 0.025431 43.880113 3.666472
21.600000 0.021669 44.102376 3.667792
21.700000 0.017867 44.324775 3.669207
21.800000 0.014037 44.547315 3.670694
21.900000 0.010196 44.770001 3.672231
22.000000 0.006356 44.992838 3.673795
22.100000 0.002531 45.215826 3.675363
22.200000 -0.001265 45.438966 3.676912
22.300000 -0.005019 45.662257 3.678422
22.400000 -0.008719 45.885695 3.679871
22.500000 -0.012352 46.109276 3.681240
22.600000 -0.015907 46.332994 3.682511
22.700000 -0.019373 46.556843 3.683669
22.800000 -0.022738 46.780812 3.684699
22.900000 -0.025993 47.004894 3.685589
23.000000 -0.029129 47.229078 3.686329
23.100000 -0.032135 47.453353 3.686913
23.200000 -0.035004 47.677708 3.687334
23.300000 -0.037729 47.902130 3.687589
23.400000 -0.040301 48.126608 3.687678
23.500000 -0.042715 48.351129 3.687603
23.600000 -0.044964 48.575681 3.687367
23.700000 -0.047044 48.800252 3.686975
23.800000 -0.048951 49.024831 3.686435
23.900000 -0.050679 49.249407 3.685758
24.000000 -0.052227 49.473969 3.684953
24.100000 -0.053591 49.698507 3.684032
24.200000 -0.054769 49.923015 3.683011
24.300000 -0.055761 50.147482 3.681903
24.400000 -0.056565 50.371904 3.680723
24.500000 -0.057182 50.596274 3.679488
24.600000 -0.057612 50.820588 3.678214
24.700000 -0.057856 51.044843 3.676917
24.800000 -0.057917 51.269037 3.675615
24.900000 -0.057795 51.493169 3.674322
25.000000 -0.057494 51.717240 3.673056
25.100000 -0.057017 51.941251 3.671831
25.200000 -0.056368 52.165204 3.670661
25.300000 -0.055552 52.389104 3.669561
25.400000 -0.054572 52.612955 3.668541
25.500000 -0.053434 52.836762 3.667614
25.600000 -0.052143 53.060533 3.666790
25.700000 -0.050705 53.284274 3.666075
25.800000 -0.049127 53.507992 3.665478
25.900000 -0.047414 53.731697 3.665004
26.000000 -0.045574 53.955396 3.664657
26.100000 -0.043613 54.179100 3.664438
26.200000 -0.041540 54.402815 3.664350
26.300000 -0.039361 54.626553 3.664390
26.400000 -0.037084 54.850322 3.664556
26.500000 -0.034717 55.074131 3.664845
26.600000 -0.032268 55.297988 3.665252
26.700000 -0.029745 55.521903 3.665770
26.800000 -0.027157 55.745882 3.666391
26.900000 -0.024511 55.969934 3.667108
27.000000 -0.021815 56.194064 3.667910
27.100000 -0.019080 56.418280 3.668787
27.200000 -0.016311 56.642586 3.669729
27.300000 -0.013518 56.866987 3.670723
27.400000 -0.010709 57.091486 3.671757
27.500000 -0.007892 57.316087 3.672820
27.600000 -0.005075 57.540792 3.673899
27.700000 -0.002266 57.765600 3.674981
27.800000 0.000528 57.990514 3.676055
27.900000 0.003298 58.215532 3.677109
28.000000 0.006038 58.440652 3.678132
28.100000 0.008741 58.665872 3.679112
28.200000 0.011398 58.891189 3.680040
28.300000 0.014004 59.116600 3.680905
28.400000 0.016553 59.342099 3.681700
28.500000 0.019037 59.567682 3.682417
28.600000 0.021451 59.793342 3.683049
28.700000 0.023789 60.019075 3.683591
28.800000 0.026046 60.244872 3.684037
28.900000 0.028216 60.470727 3.684384
29.000000 0.030296 60.696633 3.684630
29.100000 0.032279 60.922582 3.684774
29.200000 0.034163 61.148568 3.684816
29.300000 0.035944 61.374581 3.684755
29.400000 0.037617 61.600616 3.684595
29.500000 0.039180 61.826664 3.684338
29.600000 0.040629 62.052718 3.683988
29.700000 0.041963 62.278772 3.683550
29.800000 0.043179 62.504819 3.683029
29.900000 0.044275 62.730852 3.682432
30.000000 0.045250 62.956867 3.681766
30.100000 0.046103 63.182858 3.681038
30.200000 0.046832 63.408820 3.680257
30.300000 0.047438 63.634749 3.679430
30.400000 0.047920 63.860642 3.678568
30.500000 0.048277 64.086497 3.677678
30.600000 0.048512 64.312310 3.676771
30.700000 0.048623 64.538080 3.675855
30.800000 0.048613 64.763807 3.674939
30.900000 0.048482 64.989491 3.674033
31.000000 0.048233 65.215131 3.673145
31.100000 0.047866 65.440729 3.672284
31.200000 0.047384 65.666287 3.671457
31.300000 0.046790 65.891807 3.670673
31.400000 0.046086 66.117292 3.669938
31.500000 0.045275 66.342745 3.669259
31.600000 0.044360 66.568171 3.668642
31.700000 0.043344 66.793573 3.668091
31.800000 0.042231 67.018956 3.667612
31.900000 0.041024 67.244325 3.667208
32.000000 0.039727 67.469686 3.666883
32.100000 0.038344 67.695043 3.666637
32.200000 0.036879 67.920404 3.666473
32.300000 0.035337 68.145773 3.666391
32.400000 0.033722 68.371155 3.666391
32.500000 0.032039 68.596558 3.666472
32.600000 0.030291 68.821987 3.666633
32.700000 0.028484 69.047447 3.666870
32.800000 0.026623 69.272944 3.667181
32.900000 0.024712 69.498483 3.667563
33.000000 0.022756 69.724069 3.668010
33.100000 0.020761 69.949707 3.668518
33.200000 0.018731 70.175401 3.669081
33.300000 0.016671 70.401155 3.669695
33.400000 0.014586 70.626972 3.670352
33.500000 0.012481 70.852856 3.671046
33.600000 0.010362 71.078809 3.671771
33.700000 0.008232 71.304834 3.672519
33.800000 0.006098 71.530932 3.673284
33.900000 0.003963 71.757104 3.674058
34.000000 0.001833 71.983351 3.674835
34.100000 -0.000288 72.209673 3.675608
34.200000 -0.002395 72.436069 3.676368
34.300000 -0.004483 72.662540 3.677111
34.400000 -0.006549 72.889083 3.677830
34.500000 -0.008587 73.115696 3.678518
34.600000 -0.010593 73.342378 3.679170
34.700000 -0.012565 73.569126 3.679781
34.800000 -0.014496 73.795937 3.680345
34.900000 -0.016384 74.022807 3.680859
35.000000 -0.018225 74.249733 3.681317
35.100000 -0.020015 74.476710 3.681718
35.200000 -0.021752 74.703735 3.682058
35.300000 -0.023431 74.930803 3.682334
35.400000 -0.025049 75.157910 3.682546
35.500000 -0.026604 75.385050 3.682692
35.600000 -0.028093 75.612219 3.682771
35.700000 -0.029514 75.839412 3.682783
35.800000 -0.030863 76.066624 3.682730
35.900000 -0.032140 76.293850 3.682612
36.000000 -0.033341 76.521086 3.682430
36.100000 -0.034465 76.748326 3.682188
36.200000 -0.035510 76.975567 3.681887
36.300000 -0.036475 77.202804 3.681531
36.400000 -0.037358 77.430033 3.681124
36.500000 -0.038159 77.657250 3.680668
36.600000 -0.038876 77.884452 3.680169
36.700000 -0.039509 78.111635 3.679631
36.800000 -0.040057 78.338797 3.679058
36.900000 -0.040519 78.565934 3.678456
37.000000 -0.040896 78.793044 3.677830
37.100000 -0.041188 79.020127 3.677186
37.200000 -0.041394 79.247180 3.676528
37.300000 -0.041515 79.474201 3.675862
37.400000 -0.041552 79.701192 3.675193
37.500000 -0.041504 79.928150 3.674527
37.600000 -0.041374 80.155077 3.673870
37.700000 -0.041161 80.381972 3.673225
37.800000 -0.040868 80.608837 3.672599
37.900000 -0.040494 80.835673 3.671996
38.000000 -0.040042 81.062481 3.671421
38.100000 -0.039514 81.289263 3.670877
38.200000 -0.038910 81.516022 3.670370
38.300000 -0.038233 81.742759 3.669901
38.400000 -0.037485 81.969478 3.669475
38.500000 -0.036667 82.196182 3.669095
38.600000 -0.035783 82.422874 3.668763
38.700000 -0.034833 82.649556 3.668482
38.800000 -0.033821 82.876234 3.668252
38.900000 -0.032749 83.102910 3.668075
39.000000 -0.031619 83.329588 3.667952
39.100000 -0.030435 83.556272 3.667884
39.200000 -0.029199 83.782966 3.667870
39.300000 -0.027913 84.009673 3.667910
39.400000 -0.026581 84.236398 3.668004
39.500000 -0.025206 84.463145 3.668149
39.600000 -0.023789 84.689916 3.668345
39.700000 -0.022336 84.916716 3.668590
39.800000 -0.020848 85.143548 3.668880
39.900000 -0.019328 85.370416 3.669214
40.000000 -0.017780 85.597321 3.669589
40.100000 -0.016207 85.824268 3.670001
40.200000 -0.014612 86.051260 3.670447
40.300000 -0.012999 86.278297 3.670923
40.400000 -0.011369 86.505383 3.671426
40.500000 -0.009727 86.732519 3.671951
40.600000 -0.008075 86.959708 3.672495
40.700000 -0.006418 87.186949 3.673053
40.800000 -0.004757 87.414246 3.673621
40.900000 -0.003096 87.641597 3.674195
41.000000 -0.001437 87.869003 3.674770
41.100000 0.000215 88.096465 3.675343
41.200000 0.001858 88.323982 3.675909
41.300000 0.003489 88.551554 3.676463
41.400000 0.005106 88.779180 3.677003
41.500000 0.006705 89.006859 3.677524
41.600000 0.008284 89.234590 3.678023
41.700000 0.009840 89.462370 3.678496
41.800000 0.011370 89.690198 3.678941
41.900000 0.012873 89.918072 3.679353
42.000000 0.014344 90.145990 3.679732
42.100000 0.015783 90.373948 3.680073
42.200000 0.017186 90.601946 3.680376
42.300000 0.018552 90.829978 3.680637
42.400000 0.019878 91.058044 3.680857
42.500000 0.021162 91.286139 3.681033
42.600000 0.022403 91.514260 3.681165
42.700000 0.023598 91.742404 3.681252
42.800000 0.024746 91.970568 3.681294
42.900000 0.025845 92.198749 3.681292
43.000000 0.026894 92.426943 3.681244
43.100000 0.027890 92.655147 3.681153
43.200000 0.028834 92.883358 3.681019
43.300000 0.029723 93.111572 3.680844
43.400000 0.030556 93.339787 3.680628
43.500000 0.031333 93.568000 3.680375
43.600000 0.032052 93.796207 3.680085
43.700000 0.032713 94.024407 3.679761
43.800000 0.033314 94.252596 3.679407
43.900000 0.033856 94.480773 3.679023
44.000000 0.034338 94.708935 3.678614
44.100000 0.034759 94.937081 3.678182
44.200000 0.035120 95.165207 3.677730
44.300000 0.035419 95.393314 3.677262
44.400000 0.035658 95.621400 3.676780
44.500000 0.035835 95.849464 3.676288
44.600000 0.035951 96.077504 3.675790
44.700000 0.036007 96.305521 3.675289
44.800000 0.036003 96.533514 3.674788
44.900000 0.035938 96.761483 3.674290
45.000000 0.035815 96.989429 3.673799
45.100000 0.035632 97.217351 3.673317
45.200000 0.035392 97.445250 3.672849
45.300000 0.035094 97.673128 3.672397
45.400000 0.034740 97.900984 3.671963
45.500000 0.034331 98.128822 3.671551
45.600000 0.033868 98.356641 3.671163
45.700000 0.033351 98.584444 3.670801
45.800000 0.032782 98.812233 3.670468
45.900000 0.032163 99.040009 3.670165
46.000000 0.031494 99.267774 3.669894
46.100000 0.030778 99.495532 3.669656
46.200000 0.030015 99.723284 3.669453
46.300000 0.029207 99.951032 3.669286
46.400000 0.028356 100.178780 3.669156
46.500000 0.027464 100.406530 3.669063
46.600000 0.026531 100.634284 3.669007
46.700000 0.025561 100.862045 3.668989
46.800000 0.024554 101.089816 3.669008
46.900000 0.023513 101.317599 3.669063
47.000000 0.022439 101.545398 3.669156
47.100000 0.021334 101.773214 3.669283
47.200000 0.020201 102.001050 3.669445
47.300000 0.019041 102.228909 3.669640
47.400000 0.017856 102.456793 3.669866
47.500000 0.016648 102.684704 3.670122
47.600000 0.015420 102.912644 3.670406
47.700000 0.014173 103.140616 3.670716
47.800000 0.012910 103.368620 3.671050
47.900000 0.011632 103.596660 3.671406
48.000000 0.010341 103.824736 3.671781
48.100000 0.009041 104.052849 3.672173
48.200000 0.007732 104.281002 3.672579
48.300000 0.006417 104.509195 3.672997
48.400000 0.005098 104.737428 3.673423
48.500000 0.003776 104.965703 3.673856
48.600000 0.002455 105.194020 3.674293
48.700000 0.001136 105.422378 3.674730
48.800000 -0.000180 105.650779 3.675166
48.900000 -0.001489 105.879222 3.675597
49.000000 -0.002790 106.107707 3.676021
49.100000 -0.004082 106.336233 3.676436
49.200000 -0.005362 106.564799 3.676838
49.300000 -0.006628 106.793405 3.677227
49.400000 -0.007879 107.022050 3.677599
49.500000 -0.009113 107.250731 3.677952
49.600000 -0.010328 107.479449 3.678285
49.700000 -0.011522 107.708201 3.678595
49.800000 -0.012694 107.936987 3.678881
49.900000 -0.013842 108.165803 3.679142
50.000000 -0.014965 108.394648 3.679375
