0.000000 0.017450 0.000000 -9.998478
0.010000 0.017433 -0.001745 -9.998479
0.020000 0.017398 -0.003488 -9.998481
0.030000 0.017345 -0.005228 -9.998482
0.040000 0.017276 -0.006962 -9.998484
0.050000 0.017189 -0.008690 -9.998485
0.060000 0.017085 -0.010409 -9.998486
0.070000 0.016964 -0.012117 -9.998488
0.080000 0.016825 -0.013813 -9.998489
0.090000 0.016671 -0.015496 -9.998490
0.100000 0.016499 -0.017163 -9.998492
0.110000 0.016311 -0.018812 -9.998493
0.120000 0.016106 -0.020443 -9.998494
0.130000 0.015886 -0.022054 -9.998495
0.140000 0.015649 -0.023643 -9.998496
0.150000 0.015397 -0.025207 -9.998497
0.160000 0.015130 -0.026747 -9.998498
0.170000 0.014847 -0.028260 -9.998499
0.180000 0.014550 -0.029745 -9.998499
0.190000 0.014238 -0.031200 -9.998500
0.200000 0.013912 -0.032623 -9.998500
0.210000 0.013571 -0.034014 -9.998501
0.220000 0.013218 -0.035372 -9.998501
0.230000 0.012851 -0.036693 -9.998501
0.240000 0.012471 -0.037978 -9.998501
0.250000 0.012079 -0.039225 -9.998501
0.260000 0.011674 -0.040433 -9.998501
0.270000 0.011258 -0.041601 -9.998501
0.280000 0.010831 -0.042726 -9.998501
0.290000 0.010393 -0.043810 -9.998500
0.300000 0.009945 -0.044849 -9.998500
0.310000 0.009486 -0.045843 -9.998499
0.320000 0.009018 -0.046792 -9.998499
0.330000 0.008541 -0.047694 -9.998498
0.340000 0.008056 -0.048548 -9.998497
0.350000 0.007562 -0.049353 -9.998496
0.360000 0.007061 -0.050110 -9.998495
0.370000 0.006553 -0.050816 -9.998494
0.380000 0.006038 -0.051471 -9.998493
0.390000 0.005518 -0.052075 -9.998492
0.400000 0.004991 -0.052627 -9.998491
0.410000 0.004460 -0.053126 -9.998489
0.420000 0.003924 -0.053572 -9.998488
0.430000 0.003385 -0.053964 -9.998487
0.440000 0.002842 -0.054303 -9.998485
0.450000 0.002296 -0.054587 -9.998484
0.460000 0.001748 -0.054816 -9.998482
0.470000 0.001198 -0.054991 -9.998481
0.480000 0.000647 -0.055111 -9.998479
0.490000 0.000095 -0.055175 -9.998478
0.500000 -0.000457 -0.055185 -9.998476
0.510000 -0.001008 -0.055139 -9.998475
0.520000 -0.001559 -0.055038 -9.998473
0.530000 -0.002108 -0.054883 -9.998472
0.540000 -0.002654 -0.054672 -9.998470
0.550000 -0.003198 -0.054406 -9.998469
0.560000 -0.003739 -0.054087 -9.998467
0.570000 -0.004276 -0.053713 -9.998466
0.580000 -0.004809 -0.053285 -9.998465
0.590000 -0.005337 -0.052804 -9.998463
0.600000 -0.005860 -0.052270 -9.998462
0.610000 -0.006377 -0.051684 -9.998461
0.620000 -0.006887 -0.051047 -9.998460
0.630000 -0.007391 -0.050358 -9.998459
0.640000 -0.007887 -0.049619 -9.998458
0.650000 -0.008375 -0.048830 -9.998457
0.660000 -0.008855 -0.047993 -9.998456
0.670000 -0.009326 -0.047107 -9.998456
0.680000 -0.009788 -0.046174 -9.998455
0.690000 -0.010240 -0.045196 -9.998454
0.700000 -0.010682 -0.044172 -9.998454
0.710000 -0.011113 -0.043104 -9.998454
0.720000 -0.011533 -0.041992 -9.998453
0.730000 -0.011941 -0.040839 -9.998453
0.740000 -0.012338 -0.039645 -9.998453
0.750000 -0.012722 -0.038411 -9.998453
0.760000 -0.013093 -0.037139 -9.998453
0.770000 -0.013451 -0.035830 -9.998453
0.780000 -0.013796 -0.034485 -9.998454
0.790000 -0.014127 -0.033105 -9.998454
0.800000 -0.014444 -0.031692 -9.998455
0.810000 -0.014747 -0.030248 -9.998455
0.820000 -0.015034 -0.028773 -9.998456
0.830000 -0.015307 -0.027270 -9.998457
0.840000 -0.015565 -0.025739 -9.998457
0.850000 -0.015806 -0.024183 -9.998458
0.860000 -0.016032 -0.022602 -9.998459
0.870000 -0.016242 -0.020999 -9.998460
0.880000 -0.016436 -0.019375 -9.998462
0.890000 -0.016613 -0.017732 -9.998463
0.900000 -0.016774 -0.016070 -9.998464
0.910000 -0.016918 -0.014393 -9.998465
0.920000 -0.017045 -0.012701 -9.998467
0.930000 -0.017155 -0.010997 -9.998468
0.940000 -0.017248 -0.009281 -9.998470
0.950000 -0.017323 -0.007557 -9.998471
0.960000 -0.017382 -0.005824 -9.998472
0.970000 -0.017423 -0.004086 -9.998474
0.980000 -0.017446 -0.002344 -9.998475
0.990000 -0.017452 -0.000600 -9.998477
1.000000 -0.017441 0.001145 -9.998479
1.010000 -0.017412 0.002889 -9.998480
1.020000 -0.017365 0.004630 -9.998482
1.030000 -0.017302 0.006367 -9.998483
1.040000 -0.017221 0.008097 -9.998484
1.050000 -0.017122 0.009819 -9.998486
1.060000 -0.017007 0.011531 -9.998487
1.070000 -0.016875 0.013232 -9.998489
1.080000 -0.016726 0.014919 -9.998490
1.090000 -0.016560 0.016592 -9.998491
1.100000 -0.016377 0.018248 -9.998492
1.110000 -0.016178 0.019885 -9.998494
1.120000 -0.015963 0.021503 -9.998495
1.130000 -0.015732 0.023099 -9.998496
1.140000 -0.015486 0.024672 -9.998497
1.150000 -0.015223 0.026221 -9.998497
1.160000 -0.014946 0.027743 -9.998498
1.170000 -0.014654 0.029238 -9.998499
1.180000 -0.014347 0.030703 -9.998500
1.190000 -0.014025 0.032138 -9.998500
1.200000 -0.013690 0.033540 -9.998500
1.210000 -0.013341 0.034909 -9.998501
1.220000 -0.012978 0.036243 -9.998501
1.230000 -0.012603 0.037541 -9.998501
1.240000 -0.012215 0.038801 -9.998501
1.250000 -0.011815 0.040023 -9.998501
1.260000 -0.011403 0.041204 -9.998501
1.270000 -0.010979 0.042344 -9.998501
1.280000 -0.010545 0.043442 -9.998500
1.290000 -0.010100 0.044497 -9.998500
1.300000 -0.009645 0.045507 -9.998499
1.310000 -0.009180 0.046471 -9.998499
1.320000 -0.008706 0.047389 -9.998498
1.330000 -0.008224 0.048260 -9.998497
1.340000 -0.007733 0.049082 -9.998497
1.350000 -0.007234 0.049855 -9.998496
1.360000 -0.006728 0.050579 -9.998495
1.370000 -0.006216 0.051252 -9.998493
1.380000 -0.005697 0.051873 -9.998492
1.390000 -0.005173 0.052443 -9.998491
1.400000 -0.004643 0.052960 -9.998490
1.410000 -0.004109 0.053424 -9.998489
1.420000 -0.003571 0.053835 -9.998487
1.430000 -0.003029 0.054192 -9.998486
1.440000 -0.002484 0.054495 -9.998484
1.450000 -0.001936 0.054744 -9.998483
1.460000 -0.001387 0.054937 -9.998481
1.470000 -0.000836 0.055076 -9.998480
1.480000 -0.000284 0.055159 -9.998478
1.490000 0.000267 0.055188 -9.998477
1.500000 0.000819 0.055161 -9.998475
1.510000 0.001370 0.055079 -9.998474
1.520000 0.001919 0.054942 -9.998472
1.530000 0.002467 0.054750 -9.998471
1.540000 0.003012 0.054504 -9.998469
1.550000 0.003554 0.054203 -9.998468
1.560000 0.004092 0.053847 -9.998467
1.570000 0.004627 0.053438 -9.998465
1.580000 0.005156 0.052975 -9.998464
1.590000 0.005681 0.052460 -9.998463
1.600000 0.006200 0.051892 -9.998461
1.610000 0.006713 0.051272 -9.998460
1.620000 0.007219 0.050600 -9.998459
1.630000 0.007717 0.049878 -9.998458
1.640000 0.008208 0.049107 -9.998457
1.650000 0.008691 0.048286 -9.998457
1.660000 0.009166 0.047417 -9.998456
1.670000 0.009631 0.046500 -9.998455
1.680000 0.010086 0.045537 -9.998455
1.690000 0.010531 0.044529 -9.998454
1.700000 0.010966 0.043475 -9.998454
1.710000 0.011390 0.042379 -9.998453
1.720000 0.011802 0.041240 -9.998453
1.730000 0.012203 0.040060 -9.998453
1.740000 0.012591 0.038840 -9.998453
1.750000 0.012967 0.037580 -9.998453
1.760000 0.013330 0.036284 -9.998453
1.770000 0.013679 0.034951 -9.998454
1.780000 0.014015 0.033583 -9.998454
1.790000 0.014337 0.032182 -9.998454
1.800000 0.014644 0.030748 -9.998455
1.810000 0.014937 0.029283 -9.998456
1.820000 0.015215 0.027790 -9.998456
1.830000 0.015478 0.026268 -9.998457
1.840000 0.015725 0.024721 -9.998458
1.850000 0.015956 0.023148 -9.998459
1.860000 0.016172 0.021553 -9.998460
1.870000 0.016371 0.019935 -9.998461
1.880000 0.016554 0.018298 -9.998462
1.890000 0.016721 0.016643 -9.998464
1.900000 0.016871 0.014971 -9.998465
1.910000 0.017003 0.013284 -9.998466
1.920000 0.017119 0.011584 -9.998468
1.930000 0.017218 0.009872 -9.998469
1.940000 0.017299 0.008150 -9.998470
1.950000 0.017364 0.006420 -9.998472
1.960000 0.017410 0.004684 -9.998473
1.970000 0.017440 0.002943 -9.998475
1.980000 0.017452 0.001199 -9.998476
1.990000 0.017446 -0.000546 -9.998478
2.000000 0.017424 -0.002290 -9.998480
2.010000 0.017383 -0.004033 -9.998481
2.020000 0.017325 -0.005771 -9.998483
2.030000 0.017250 -0.007503 -9.998484
2.040000 0.017158 -0.009228 -9.998485
2.050000 0.017049 -0.010944 -9.998487
2.060000 0.016922 -0.012649 -9.998488
2.070000 0.016779 -0.014341 -9.998490
2.080000 0.016619 -0.016019 -9.998491
2.090000 0.016442 -0.017680 -9.998492
2.100000 0.016249 -0.019325 -9.998493
2.110000 0.016039 -0.020949 -9.998494
2.120000 0.015814 -0.022553 -9.998495
2.130000 0.015572 -0.024135 -9.998496
2.140000 0.015315 -0.025692 -9.998497
2.150000 0.015043 -0.027223 -9.998498
2.160000 0.014756 -0.028727 -9.998499
2.170000 0.014454 -0.030203 -9.998499
2.180000 0.014137 -0.031648 -9.998500
2.190000 0.013807 -0.033062 -9.998500
2.200000 0.013462 -0.034443 -9.998501
2.210000 0.013104 -0.035789 -9.998501
2.220000 0.012733 -0.037099 -9.998501
2.230000 0.012350 -0.038372 -9.998501
2.240000 0.011954 -0.039607 -9.998501
2.250000 0.011546 -0.040803 -9.998501
2.260000 0.011126 -0.041957 -9.998501
2.270000 0.010695 -0.043070 -9.998501
2.280000 0.010254 -0.044139 -9.998500
2.290000 0.009802 -0.045165 -9.998500
2.300000 0.009341 -0.046145 -9.998499
2.310000 0.008870 -0.047079 -9.998498
2.320000 0.008390 -0.047966 -9.998498
2.330000 0.007902 -0.048805 -9.998497
2.340000 0.007406 -0.049595 -9.998496
2.350000 0.006903 -0.050336 -9.998495
2.360000 0.006393 -0.051026 -9.998494
2.370000 0.005876 -0.051665 -9.998493
2.380000 0.005354 -0.052253 -9.998492
2.390000 0.004826 -0.052788 -9.998490
2.400000 0.004293 -0.053271 -9.998489
2.410000 0.003756 -0.053700 -9.998488
2.420000 0.003215 -0.054076 -9.998486
2.430000 0.002671 -0.054397 -9.998485
2.440000 0.002125 -0.054664 -9.998483
2.450000 0.001576 -0.054877 -9.998482
2.460000 0.001025 -0.055034 -9.998480
2.470000 0.000474 -0.055137 -9.998479
2.480000 -0.000078 -0.055184 -9.998477
2.490000 -0.000630 -0.055177 -9.998476
2.500000 -0.001181 -0.055114 -9.998474
2.510000 -0.001731 -0.054996 -9.998473
2.520000 -0.002279 -0.054823 -9.998471
2.530000 -0.002825 -0.054595 -9.998470
2.540000 -0.003368 -0.054312 -9.998468
2.550000 -0.003908 -0.053975 -9.998467
2.560000 -0.004444 -0.053585 -9.998466
2.570000 -0.004975 -0.053140 -9.998464
2.580000 -0.005501 -0.052643 -9.998463
2.590000 -0.006022 -0.052093 -9.998462
2.600000 -0.006537 -0.051490 -9.998461
2.610000 -0.007046 -0.050837 -9.998460
2.620000 -0.007547 -0.050132 -9.998459
2.630000 -0.008041 -0.049377 -9.998458
2.640000 -0.008526 -0.048573 -9.998457
2.650000 -0.009004 -0.047721 -9.998456
2.660000 -0.009472 -0.046820 -9.998455
2.670000 -0.009931 -0.045873 -9.998455
2.680000 -0.010379 -0.044880 -9.998454
2.690000 -0.010818 -0.043842 -9.998454
2.700000 -0.011245 -0.042761 -9.998453
2.710000 -0.011662 -0.041636 -9.998453
2.720000 -0.012066 -0.040470 -9.998453
2.730000 -0.012459 -0.039263 -9.998453
2.740000 -0.012839 -0.038017 -9.998453
2.750000 -0.013207 -0.036734 -9.998453
2.760000 -0.013561 -0.035413 -9.998454
2.770000 -0.013901 -0.034057 -9.998454
2.780000 -0.014228 -0.032667 -9.998454
2.790000 -0.014540 -0.031244 -9.998455
2.800000 -0.014838 -0.029790 -9.998455
2.810000 -0.015121 -0.028306 -9.998456
2.820000 -0.015389 -0.026794 -9.998457
2.830000 -0.015642 -0.025255 -9.998458
2.840000 -0.015879 -0.023691 -9.998459
2.850000 -0.016100 -0.022103 -9.998460
2.860000 -0.016305 -0.020494 -9.998461
2.870000 -0.016493 -0.018863 -9.998462
2.880000 -0.016665 -0.017214 -9.998463
2.890000 -0.016821 -0.015547 -9.998464
2.900000 -0.016960 -0.013865 -9.998466
2.910000 -0.017081 -0.012170 -9.998467
2.920000 -0.017186 -0.010461 -9.998469
2.930000 -0.017273 -0.008743 -9.998470
2.940000 -0.017344 -0.007016 -9.998471
2.950000 -0.017396 -0.005281 -9.998473
2.960000 -0.017432 -0.003542 -9.998474
2.970000 -0.017450 -0.001799 -9.998476
2.980000 -0.017450 -0.000054 -9.998477
2.990000 -0.017433 0.001691 -9.998479
3.000000 -0.017399 0.003434 -9.998481
3.010000 -0.017347 0.005174 -9.998482
3.020000 -0.017278 0.006909 -9.998483
3.030000 -0.017192 0.008636 -9.998485
3.040000 -0.017088 0.010356 -9.998486
3.050000 -0.016968 0.012064 -9.998488
3.060000 -0.016830 0.013761 -9.998489
3.070000 -0.016676 0.015444 -9.998490
3.080000 -0.016504 0.017111 -9.998492
3.090000 -0.016317 0.018762 -9.998493
3.100000 -0.016113 0.020393 -9.998494
3.110000 -0.015893 0.022005 -9.998495
3.120000 -0.015657 0.023594 -9.998496
3.130000 -0.015405 0.025159 -9.998497
3.140000 -0.015138 0.026700 -9.998498
3.150000 -0.014856 0.028214 -9.998498
3.160000 -0.014559 0.029699 -9.998499
3.170000 -0.014248 0.031155 -9.998500
3.180000 -0.013922 0.032580 -9.998500
3.190000 -0.013582 0.033972 -9.998501
3.200000 -0.013229 0.035330 -9.998501
3.210000 -0.012862 0.036653 -9.998501
3.220000 -0.012483 0.037939 -9.998501
3.230000 -0.012091 0.039187 -9.998501
3.240000 -0.011687 0.040396 -9.998501
3.250000 -0.011271 0.041565 -9.998501
3.260000 -0.010844 0.042692 -9.998501
3.270000 -0.010407 0.043777 -9.998500
3.280000 -0.009959 0.044817 -9.998500
3.290000 -0.009500 0.045813 -9.998499
3.300000 -0.009033 0.046763 -9.998499
3.310000 -0.008556 0.047667 -9.998498
3.320000 -0.008071 0.048522 -9.998497
3.330000 -0.007578 0.049329 -9.998496
3.340000 -0.007077 0.050087 -9.998495
3.350000 -0.006569 0.050795 -9.998494
3.360000 -0.006054 0.051451 -9.998493
3.370000 -0.005534 0.052057 -9.998492
3.380000 -0.005008 0.052610 -9.998491
3.390000 -0.004477 0.053111 -9.998489
3.400000 -0.003941 0.053559 -9.998488
3.410000 -0.003401 0.053953 -9.998487
3.420000 -0.002858 0.054293 -9.998485
3.430000 -0.002313 0.054579 -9.998484
3.440000 -0.001765 0.054810 -9.998482
3.450000 -0.001215 0.054986 -9.998481
3.460000 -0.000664 0.055108 -9.998479
3.470000 -0.000112 0.055174 -9.998478
3.480000 0.000440 0.055186 -9.998476
3.490000 0.000991 0.055142 -9.998475
3.500000 0.001542 0.055042 -9.998473
3.510000 0.002091 0.054888 -9.998472
3.520000 0.002637 0.054679 -9.998470
3.530000 0.003182 0.054415 -9.998469
3.540000 0.003723 0.054097 -9.998467
3.550000 0.004260 0.053725 -9.998466
3.560000 0.004793 0.053299 -9.998465
3.570000 0.005321 0.052820 -9.998463
3.580000 0.005844 0.052288 -9.998462
3.590000 0.006361 0.051703 -9.998461
3.600000 0.006872 0.051067 -9.998460
3.610000 0.007375 0.050380 -9.998459
3.620000 0.007872 0.049642 -9.998458
3.630000 0.008360 0.048855 -9.998457
3.640000 0.008841 0.048019 -9.998456
3.650000 0.009312 0.047135 -9.998456
3.660000 0.009774 0.046204 -9.998455
3.670000 0.010226 0.045227 -9.998454
3.680000 0.010668 0.044204 -9.998454
3.690000 0.011100 0.043137 -9.998454
3.700000 0.011520 0.042027 -9.998453
3.710000 0.011929 0.040875 -9.998453
3.720000 0.012326 0.039682 -9.998453
3.730000 0.012710 0.038450 -9.998453
3.740000 0.013082 0.037179 -9.998453
3.750000 0.013441 0.035871 -9.998453
3.760000 0.013786 0.034527 -9.998454
3.770000 0.014117 0.033148 -9.998454
3.780000 0.014435 0.031737 -9.998455
3.790000 0.014738 0.030293 -9.998455
3.800000 0.015026 0.028819 -9.998456
3.810000 0.015299 0.027317 -9.998457
3.820000 0.015557 0.025787 -9.998457
3.830000 0.015799 0.024231 -9.998458
3.840000 0.016026 0.022652 -9.998459
3.850000 0.016236 0.021049 -9.998460
3.860000 0.016430 0.019426 -9.998462
3.870000 0.016608 0.017783 -9.998463
3.880000 0.016769 0.016122 -9.998464
3.890000 0.016914 0.014445 -9.998465
3.900000 0.017041 0.012754 -9.998467
3.910000 0.017152 0.011050 -9.998468
3.920000 0.017245 0.009335 -9.998469
3.930000 0.017321 0.007610 -9.998471
3.940000 0.017380 0.005878 -9.998472
3.950000 0.017422 0.004140 -9.998474
3.960000 0.017446 0.002398 -9.998475
3.970000 0.017452 0.000654 -9.998477
3.980000 0.017441 -0.001091 -9.998478
3.990000 0.017413 -0.002836 -9.998480
4.000000 0.017367 -0.004577 -9.998482
4.010000 0.017304 -0.006313 -9.998483
4.020000 0.017223 -0.008044 -9.998484
4.030000 0.017126 -0.009766 -9.998486
4.040000 0.017011 -0.011478 -9.998487
4.050000 0.016879 -0.013179 -9.998489
4.060000 0.016731 -0.014867 -9.998490
4.070000 0.016565 -0.016540 -9.998491
4.080000 0.016383 -0.018197 -9.998492
4.090000 0.016185 -0.019835 -9.998494
4.100000 0.015970 -0.021453 -9.998495
4.110000 0.015740 -0.023050 -9.998496
4.120000 0.015494 -0.024624 -9.998497
4.130000 0.015232 -0.026173 -9.998497
4.140000 0.014955 -0.027697 -9.998498
4.150000 0.014663 -0.029192 -9.998499
4.160000 0.014356 -0.030658 -9.998500
4.170000 0.014035 -0.032094 -9.998500
4.180000 0.013700 -0.033497 -9.998500
4.190000 0.013352 -0.034867 -9.998501
4.200000 0.012990 -0.036202 -9.998501
4.210000 0.012615 -0.037501 -9.998501
4.220000 0.012227 -0.038763 -9.998501
4.230000 0.011827 -0.039986 -9.998501
4.240000 0.011416 -0.041168 -9.998501
4.250000 0.010992 -0.042310 -9.998501
4.260000 0.010558 -0.043409 -9.998500
4.270000 0.010114 -0.044465 -9.998500
4.280000 0.009659 -0.045476 -9.998499
4.290000 0.009195 -0.046442 -9.998499
4.300000 0.008721 -0.047361 -9.998498
4.310000 0.008239 -0.048234 -9.998497
4.320000 0.007748 -0.049057 -9.998497
4.330000 0.007250 -0.049832 -9.998496
4.340000 0.006744 -0.050557 -9.998495
4.350000 0.006232 -0.051232 -9.998493
4.360000 0.005713 -0.051855 -9.998492
4.370000 0.005189 -0.052426 -9.998491
4.380000 0.004660 -0.052945 -9.998490
4.390000 0.004125 -0.053411 -9.998489
4.400000 0.003587 -0.053823 -9.998487
4.410000 0.003045 -0.054182 -9.998486
4.420000 0.002501 -0.054487 -9.998484
4.430000 0.001953 -0.054737 -9.998483
4.440000 0.001404 -0.054932 -9.998481
4.450000 0.000853 -0.055072 -9.998480
4.460000 0.000302 -0.055158 -9.998478
4.470000 -0.000250 -0.055188 -9.998477
4.480000 -0.000802 -0.055163 -9.998475
4.490000 -0.001353 -0.055083 -9.998474
4.500000 -0.001902 -0.054947 -9.998472
4.510000 -0.002450 -0.054757 -9.998471
4.520000 -0.002995 -0.054512 -9.998469
4.530000 -0.003537 -0.054213 -9.998468
4.540000 -0.004076 -0.053859 -9.998467
4.550000 -0.004610 -0.053451 -9.998465
4.560000 -0.005140 -0.052990 -9.998464
4.570000 -0.005665 -0.052476 -9.998463
4.580000 -0.006184 -0.051910 -9.998461
4.590000 -0.006697 -0.051291 -9.998460
4.600000 -0.007203 -0.050622 -9.998459
4.610000 -0.007702 -0.049901 -9.998458
4.620000 -0.008193 -0.049131 -9.998457
4.630000 -0.008677 -0.048312 -9.998457
4.640000 -0.009151 -0.047444 -9.998456
4.650000 -0.009616 -0.046529 -9.998455
4.660000 -0.010072 -0.045568 -9.998455
4.670000 -0.010518 -0.044560 -9.998454
4.680000 -0.010953 -0.043509 -9.998454
4.690000 -0.011377 -0.042413 -9.998453
4.700000 -0.011790 -0.041276 -9.998453
4.710000 -0.012191 -0.040097 -9.998453
4.720000 -0.012579 -0.038878 -9.998453
4.730000 -0.012955 -0.037620 -9.998453
4.740000 -0.013319 -0.036324 -9.998453
4.750000 -0.013669 -0.034993 -9.998454
4.760000 -0.014005 -0.033626 -9.998454
4.770000 -0.014327 -0.032225 -9.998454
4.780000 -0.014635 -0.030793 -9.998455
4.790000 -0.014928 -0.029329 -9.998456
4.800000 -0.015207 -0.027836 -9.998456
4.810000 -0.015470 -0.026316 -9.998457
4.820000 -0.015718 -0.024769 -9.998458
4.830000 -0.015950 -0.023197 -9.998459
4.840000 -0.016166 -0.021602 -9.998460
4.850000 -0.016365 -0.019986 -9.998461
4.860000 -0.016549 -0.018349 -9.998462
4.870000 -0.016716 -0.016694 -9.998464
4.880000 -0.016866 -0.015023 -9.998465
4.890000 -0.016999 -0.013336 -9.998466
4.900000 -0.017116 -0.011637 -9.998468
4.910000 -0.017215 -0.009925 -9.998469
4.920000 -0.017297 -0.008204 -9.998470
4.930000 -0.017362 -0.006474 -9.998472
4.940000 -0.017409 -0.004738 -9.998473
4.950000 -0.017439 -0.002997 -9.998475
4.960000 -0.017452 -0.001253 -9.998476
4.970000 -0.017447 0.000492 -9.998478
4.980000 -0.017424 0.002236 -9.998479
4.990000 -0.017385 0.003979 -9.998481
5.000000 -0.017328 0.005717 -9.998482
5.010000 -0.017253 0.007450 -9.998484
5.020000 -0.017161 0.009175 -9.998485
5.030000 -0.017052 0.010891 -9.998487
5.040000 -0.016926 0.012596 -9.998488
5.050000 -0.016784 0.014289 -9.998490
5.060000 -0.016624 0.015967 -9.998491
5.070000 -0.016448 0.017629 -9.998492
5.080000 -0.016255 0.019274 -9.998493
5.090000 -0.016046 0.020899 -9.998494
5.100000 -0.015821 0.022504 -9.998495
5.110000 -0.015580 0.024086 -9.998496
5.120000 -0.015323 0.025644 -9.998497
5.130000 -0.015052 0.027176 -9.998498
5.140000 -0.014765 0.028681 -9.998499
5.150000 -0.014463 0.030158 -9.998499
5.160000 -0.014147 0.031604 -9.998500
5.170000 -0.013817 0.033019 -9.998500
5.180000 -0.013473 0.034400 -9.998501
5.190000 -0.013116 0.035748 -9.998501
5.200000 -0.012745 0.037059 -9.998501
5.210000 -0.012362 0.038334 -9.998501
5.220000 -0.011966 0.039570 -9.998501
5.230000 -0.011558 0.040766 -9.998501
5.240000 -0.011139 0.041922 -9.998501
5.250000 -0.010709 0.043036 -9.998501
5.260000 -0.010268 0.044107 -9.998500
5.270000 -0.009816 0.045134 -9.998500
5.280000 -0.009355 0.046115 -9.998499
5.290000 -0.008885 0.047051 -9.998498
5.300000 -0.008405 0.047939 -9.998498
5.310000 -0.007917 0.048780 -9.998497
5.320000 -0.007422 0.049572 -9.998496
5.330000 -0.006919 0.050314 -9.998495
5.340000 -0.006409 0.051006 -9.998494
5.350000 -0.005892 0.051646 -9.998493
5.360000 -0.005370 0.052236 -9.998492
5.370000 -0.004842 0.052773 -9.998490
5.380000 -0.004309 0.053257 -9.998489
5.390000 -0.003773 0.053688 -9.998488
5.400000 -0.003232 0.054065 -9.998486
5.410000 -0.002688 0.054388 -9.998485
5.420000 -0.002141 0.054657 -9.998483
5.430000 -0.001593 0.054871 -9.998482
5.440000 -0.001042 0.055030 -9.998480
5.450000 -0.000491 0.055135 -9.998479
5.460000 0.000061 0.055184 -9.998477
5.470000 0.000612 0.055178 -9.998476
5.480000 0.001164 0.055116 -9.998474
5.490000 0.001714 0.055000 -9.998473
5.500000 0.002262 0.054829 -9.998471
5.510000 0.002808 0.054603 -9.998470
5.520000 0.003351 0.054322 -9.998468
5.530000 0.003891 0.053987 -9.998467
5.540000 0.004427 0.053597 -9.998466
5.550000 0.004959 0.053155 -9.998464
5.560000 0.005485 0.052659 -9.998463
5.570000 0.006006 0.052110 -9.998462
5.580000 0.006521 0.051510 -9.998461
5.590000 0.007030 0.050858 -9.998460
5.600000 0.007531 0.050155 -9.998459
5.610000 0.008026 0.049402 -9.998458
5.620000 0.008511 0.048599 -9.998457
5.630000 0.008989 0.047748 -9.998456
5.640000 0.009457 0.046849 -9.998455
5.650000 0.009916 0.045903 -9.998455
5.660000 0.010366 0.044912 -9.998454
5.670000 0.010804 0.043875 -9.998454
5.680000 0.011232 0.042795 -9.998453
5.690000 0.011649 0.041671 -9.998453
5.700000 0.012054 0.040507 -9.998453
5.710000 0.012447 0.039301 -9.998453
5.720000 0.012828 0.038056 -9.998453
5.730000 0.013195 0.036774 -9.998453
5.740000 0.013550 0.035454 -9.998454
5.750000 0.013891 0.034099 -9.998454
5.760000 0.014218 0.032710 -9.998454
5.770000 0.014531 0.031289 -9.998455
5.780000 0.014829 0.029835 -9.998455
5.790000 0.015113 0.028353 -9.998456
5.800000 0.015381 0.026841 -9.998457
5.810000 0.015634 0.025303 -9.998458
5.820000 0.015872 0.023740 -9.998459
5.830000 0.016093 0.022153 -9.998460
5.840000 0.016299 0.020544 -9.998461
5.850000 0.016488 0.018914 -9.998462
5.860000 0.016660 0.017265 -9.998463
5.870000 0.016816 0.015599 -9.998464
5.880000 0.016956 0.013918 -9.998466
5.890000 0.017078 0.012222 -9.998467
5.900000 0.017183 0.010514 -9.998468
5.910000 0.017271 0.008796 -9.998470
5.920000 0.017342 0.007069 -9.998471
5.930000 0.017395 0.005335 -9.998473
5.940000 0.017431 0.003596 -9.998474
5.950000 0.017449 0.001853 -9.998476
5.960000 0.017451 0.000108 -9.998477
5.970000 0.017434 -0.001637 -9.998479
5.980000 0.017400 -0.003380 -9.998480
5.990000 0.017349 -0.005120 -9.998482
6.000000 0.017281 -0.006855 -9.998483
6.010000 0.017195 -0.008583 -9.998485
6.020000 0.017092 -0.010303 -9.998486
6.030000 0.016972 -0.012012 -9.998488
6.040000 0.016835 -0.013709 -9.998489
6.050000 0.016681 -0.015392 -9.998490
6.060000 0.016510 -0.017060 -9.998492
6.070000 0.016323 -0.018711 -9.998493
6.080000 0.016119 -0.020343 -9.998494
6.090000 0.015900 -0.021955 -9.998495
6.100000 0.015664 -0.023545 -9.998496
6.110000 0.015413 -0.025111 -9.998497
6.120000 0.015147 -0.026653 -9.998498
6.130000 0.014865 -0.028167 -9.998498
6.140000 0.014569 -0.029654 -9.998499
6.150000 0.014257 -0.031111 -9.998500
6.160000 0.013932 -0.032536 -9.998500
6.170000 0.013593 -0.033929 -9.998501
6.180000 0.013240 -0.035289 -9.998501
6.190000 0.012874 -0.036613 -9.998501
6.200000 0.012495 -0.037900 -9.998501
6.210000 0.012103 -0.039149 -9.998501
6.220000 0.011700 -0.040360 -9.998501
6.230000 0.011284 -0.041530 -9.998501
6.240000 0.010858 -0.042658 -9.998501
6.250000 0.010420 -0.043744 -9.998500
6.260000 0.009973 -0.044786 -9.998500
6.270000 0.009515 -0.045783 -9.998499
6.280000 0.009047 -0.046735 -9.998499
6.290000 0.008571 -0.047639 -9.998498
6.300000 0.008086 -0.048496 -9.998497
6.310000 0.007593 -0.049305 -9.998496
6.320000 0.007092 -0.050064 -9.998495
6.330000 0.006585 -0.050773 -9.998494
6.340000 0.006070 -0.051432 -9.998493
6.350000 0.005550 -0.052039 -9.998492
6.360000 0.005024 -0.052594 -9.998491
6.370000 0.004493 -0.053096 -9.998489
6.380000 0.003958 -0.053546 -9.998488
6.390000 0.003418 -0.053941 -9.998487
6.400000 0.002875 -0.054283 -9.998485
6.410000 0.002330 -0.054571 -9.998484
6.420000 0.001782 -0.054804 -9.998482
6.430000 0.001232 -0.054982 -9.998481
6.440000 0.000681 -0.055105 -9.998479
6.450000 0.000129 -0.055173 -9.998478
6.460000 -0.000423 -0.055186 -9.998476
6.470000 -0.000974 -0.055144 -9.998475
6.480000 -0.001525 -0.055046 -9.998473
6.490000 -0.002074 -0.054894 -9.998472
6.500000 -0.002621 -0.054686 -9.998470
6.510000 -0.003165 -0.054424 -9.998469
6.520000 -0.003706 -0.054108 -9.998468
6.530000 -0.004243 -0.053737 -9.998466
6.540000 -0.004776 -0.053313 -9.998465
6.550000 -0.005305 -0.052835 -9.998464
6.560000 -0.005828 -0.052305 -9.998462
6.570000 -0.006345 -0.051722 -9.998461
6.580000 -0.006856 -0.051088 -9.998460
6.590000 -0.007360 -0.050402 -9.998459
6.600000 -0.007857 -0.049666 -9.998458
6.610000 -0.008345 -0.048880 -9.998457
6.620000 -0.008826 -0.048046 -9.998456
6.630000 -0.009298 -0.047163 -9.998456
6.640000 -0.009760 -0.046233 -9.998455
6.650000 -0.010212 -0.045257 -9.998454
6.660000 -0.010655 -0.044236 -9.998454
6.670000 -0.011086 -0.043171 -9.998454
6.680000 -0.011507 -0.042062 -9.998453
6.690000 -0.011916 -0.040911 -9.998453
6.700000 -0.012313 -0.039720 -9.998453
6.710000 -0.012698 -0.038489 -9.998453
6.720000 -0.013071 -0.037219 -9.998453
6.730000 -0.013430 -0.035912 -9.998453
6.740000 -0.013775 -0.034569 -9.998454
6.750000 -0.014107 -0.033191 -9.998454
6.760000 -0.014425 -0.031781 -9.998455
6.770000 -0.014728 -0.030338 -9.998455
6.780000 -0.015017 -0.028865 -9.998456
6.790000 -0.015291 -0.027364 -9.998457
6.800000 -0.015549 -0.025835 -9.998457
6.810000 -0.015792 -0.024280 -9.998458
6.820000 -0.016019 -0.022701 -9.998459
6.830000 -0.016230 -0.021099 -9.998460
6.840000 -0.016425 -0.019476 -9.998462
6.850000 -0.016603 -0.017834 -9.998463
6.860000 -0.016765 -0.016173 -9.998464
6.870000 -0.016910 -0.014497 -9.998465
6.880000 -0.017038 -0.012806 -9.998467
6.890000 -0.017149 -0.011103 -9.998468
6.900000 -0.017243 -0.009388 -9.998469
6.910000 -0.017319 -0.007664 -9.998471
6.920000 -0.017379 -0.005932 -9.998472
6.930000 -0.017421 -0.004194 -9.998474
6.940000 -0.017445 -0.002452 -9.998475
6.950000 -0.017452 -0.000708 -9.998477
6.960000 -0.017442 0.001038 -9.998478
6.970000 -0.017414 0.002782 -9.998480
6.980000 -0.017369 0.004523 -9.998481
6.990000 -0.017306 0.006260 -9.998483
7.000000 -0.017226 0.007990 -9.998484
7.010000 -0.017129 0.009713 -9.998486
7.020000 -0.017015 0.011426 -9.998487
7.030000 -0.016884 0.013127 -9.998489
7.040000 -0.016735 0.014815 -9.998490
7.050000 -0.016570 0.016489 -9.998491
7.060000 -0.016389 0.018146 -9.998492
7.070000 -0.016191 0.019785 -9.998494
7.080000 -0.015977 0.021404 -9.998495
7.090000 -0.015747 0.023001 -9.998496
7.100000 -0.015501 0.024576 -9.998497
7.110000 -0.015240 0.026126 -9.998497
7.120000 -0.014964 0.027650 -9.998498
7.130000 -0.014672 0.029146 -9.998499
7.140000 -0.014366 0.030613 -9.998500
7.150000 -0.014046 0.032050 -9.998500
7.160000 -0.013711 0.033454 -9.998500
7.170000 -0.013363 0.034825 -9.998501
7.180000 -0.013001 0.036162 -9.998501
7.190000 -0.012626 0.037462 -9.998501
7.200000 -0.012239 0.038724 -9.998501
7.210000 -0.011840 0.039948 -9.998501
7.220000 -0.011428 0.041132 -9.998501
7.230000 -0.011006 0.042275 -9.998501
7.240000 -0.010572 0.043376 -9.998500
7.250000 -0.010128 0.044433 -9.998500
7.260000 -0.009673 0.045446 -9.998500
7.270000 -0.009209 0.046413 -9.998499
7.280000 -0.008736 0.047334 -9.998498
7.290000 -0.008254 0.048207 -9.998497
7.300000 -0.007763 0.049033 -9.998497
7.310000 -0.007265 0.049809 -9.998496
7.320000 -0.006760 0.050535 -9.998495
7.330000 -0.006248 0.051211 -9.998494
7.340000 -0.005729 0.051836 -9.998492
7.350000 -0.005205 0.052409 -9.998491
7.360000 -0.004676 0.052930 -9.998490
7.370000 -0.004142 0.053397 -9.998489
7.380000 -0.003604 0.053811 -9.998487
7.390000 -0.003062 0.054172 -9.998486
7.400000 -0.002517 0.054478 -9.998484
7.410000 -0.001970 0.054730 -9.998483
7.420000 -0.001421 0.054927 -9.998481
7.430000 -0.000870 0.055069 -9.998480
7.440000 -0.000319 0.055156 -9.998478
7.450000 0.000233 0.055188 -9.998477
7.460000 0.000785 0.055164 -9.998475
7.470000 0.001336 0.055086 -9.998474
7.480000 0.001885 0.054952 -9.998472
7.490000 0.002433 0.054764 -9.998471
7.500000 0.002978 0.054521 -9.998469
7.510000 0.003520 0.054223 -9.998468
7.520000 0.004059 0.053871 -9.998467
7.530000 0.004594 0.053465 -9.998465
7.540000 0.005124 0.053005 -9.998464
7.550000 0.005649 0.052493 -9.998463
7.560000 0.006168 0.051928 -9.998462
7.570000 0.006681 0.051311 -9.998460
7.580000 0.007188 0.050643 -9.998459
7.590000 0.007687 0.049924 -9.998458
7.600000 0.008178 0.049156 -9.998457
7.610000 0.008662 0.048338 -9.998457
7.620000 0.009136 0.047472 -9.998456
7.630000 0.009602 0.046558 -9.998455
7.640000 0.010058 0.045598 -9.998455
7.650000 0.010504 0.044592 -9.998454
7.660000 0.010939 0.043542 -9.998454
7.670000 0.011364 0.042448 -9.998453
7.680000 0.011777 0.041312 -9.998453
7.690000 0.012178 0.040134 -9.998453
7.700000 0.012567 0.038916 -9.998453
7.710000 0.012944 0.037659 -9.998453
7.720000 0.013308 0.036365 -9.998453
7.730000 0.013658 0.035034 -9.998454
7.740000 0.013995 0.033669 -9.998454
7.750000 0.014317 0.032269 -9.998454
7.760000 0.014626 0.030837 -9.998455
7.770000 0.014920 0.029375 -9.998456
7.780000 0.015198 0.027883 -9.998456
7.790000 0.015462 0.026363 -9.998457
7.800000 0.015710 0.024817 -9.998458
7.810000 0.015943 0.023246 -9.998459
7.820000 0.016159 0.021652 -9.998460
7.830000 0.016360 0.020036 -9.998461
7.840000 0.016544 0.018400 -9.998462
7.850000 0.016711 0.016746 -9.998464
7.860000 0.016862 0.015075 -9.998465
7.870000 0.016996 0.013389 -9.998466
7.880000 0.017113 0.011689 -9.998468
7.890000 0.017212 0.009978 -9.998469
7.900000 0.017295 0.008257 -9.998470
7.910000 0.017360 0.006528 -9.998472
7.920000 0.017408 0.004792 -9.998473
7.930000 0.017439 0.003051 -9.998475
7.940000 0.017452 0.001307 -9.998476
7.950000 0.017447 -0.000438 -9.998478
7.960000 0.017425 -0.002183 -9.998479
7.970000 0.017386 -0.003925 -9.998481
7.980000 0.017330 -0.005664 -9.998482
7.990000 0.017256 -0.007396 -9.998484
8.000000 0.017164 -0.009122 -9.998485
8.010000 0.017056 -0.010838 -9.998487
8.020000 0.016931 -0.012544 -9.998488
8.030000 0.016788 -0.014237 -9.998489
8.040000 0.016629 -0.015915 -9.998491
8.050000 0.016453 -0.017578 -9.998492
8.060000 0.016261 -0.019224 -9.998493
8.070000 0.016053 -0.020850 -9.998494
8.080000 0.015828 -0.022455 -9.998495
8.090000 0.015588 -0.024037 -9.998496
8.100000 0.015332 -0.025596 -9.998497
8.110000 0.015060 -0.027129 -9.998498
8.120000 0.014774 -0.028635 -9.998499
8.130000 0.014473 -0.030113 -9.998499
8.140000 0.014157 -0.031560 -9.998500
8.150000 0.013828 -0.032976 -9.998500
8.160000 0.013484 -0.034358 -9.998501
8.170000 0.013127 -0.035707 -9.998501
8.180000 0.012757 -0.037019 -9.998501
8.190000 0.012374 -0.038295 -9.998501
8.200000 0.011978 -0.039532 -9.998501
8.210000 0.011571 -0.040730 -9.998501
8.220000 0.011152 -0.041887 -9.998501
8.230000 0.010722 -0.043002 -9.998501
8.240000 0.010281 -0.044074 -9.998500
8.250000 0.009830 -0.045103 -9.998500
8.260000 0.009370 -0.046086 -9.998499
8.270000 0.008899 -0.047023 -9.998498
8.280000 0.008420 -0.047913 -9.998498
8.290000 0.007933 -0.048755 -9.998497
8.300000 0.007437 -0.049548 -9.998496
8.310000 0.006934 -0.050291 -9.998495
8.320000 0.006424 -0.050985 -9.998494
8.330000 0.005908 -0.051627 -9.998493
8.340000 0.005386 -0.052218 -9.998492
8.350000 0.004858 -0.052757 -9.998490
8.360000 0.004326 -0.053243 -9.998489
8.370000 0.003789 -0.053675 -9.998488
8.380000 0.003249 -0.054054 -9.998486
8.390000 0.002705 -0.054379 -9.998485
8.400000 0.002158 -0.054649 -9.998483
8.410000 0.001610 -0.054865 -9.998482
8.420000 0.001059 -0.055026 -9.998480
8.430000 0.000508 -0.055132 -9.998479
8.440000 -0.000044 -0.055183 -9.998477
8.450000 -0.000595 -0.055179 -9.998476
8.460000 -0.001147 -0.055119 -9.998474
8.470000 -0.001697 -0.055004 -9.998473
8.480000 -0.002245 -0.054835 -9.998471
8.490000 -0.002791 -0.054610 -9.998470
8.500000 -0.003334 -0.054331 -9.998468
8.510000 -0.003874 -0.053998 -9.998467
8.520000 -0.004411 -0.053610 -9.998466
8.530000 -0.004942 -0.053169 -9.998464
8.540000 -0.005469 -0.052675 -9.998463
8.550000 -0.005990 -0.052128 -9.998462
8.560000 -0.006506 -0.051529 -9.998461
8.570000 -0.007014 -0.050879 -9.998460
8.580000 -0.007516 -0.050177 -9.998459
8.590000 -0.008010 -0.049426 -9.998458
8.600000 -0.008497 -0.048625 -9.998457
8.610000 -0.008974 -0.047775 -9.998456
8.620000 -0.009443 -0.046877 -9.998455
8.630000 -0.009902 -0.045933 -9.998455
8.640000 -0.010352 -0.044943 -9.998454
8.650000 -0.010791 -0.043908 -9.998454
8.660000 -0.011219 -0.042829 -9.998454
8.670000 -0.011636 -0.041707 -9.998453
8.680000 -0.012042 -0.040543 -9.998453
8.690000 -0.012435 -0.039339 -9.998453
8.700000 -0.012816 -0.038096 -9.998453
8.710000 -0.013184 -0.036814 -9.998453
8.720000 -0.013539 -0.035496 -9.998453
8.730000 -0.013881 -0.034142 -9.998454
8.740000 -0.014208 -0.032754 -9.998454
8.750000 -0.014521 -0.031333 -9.998455
8.760000 -0.014820 -0.029881 -9.998455
8.770000 -0.015104 -0.028399 -9.998456
8.780000 -0.015373 -0.026888 -9.998457
8.790000 -0.015627 -0.025351 -9.998458
8.800000 -0.015865 -0.023789 -9.998459
8.810000 -0.016087 -0.022202 -9.998460
8.820000 -0.016293 -0.020594 -9.998461
8.830000 -0.016482 -0.018964 -9.998462
8.840000 -0.016655 -0.017316 -9.998463
8.850000 -0.016812 -0.015651 -9.998464
8.860000 -0.016952 -0.013970 -9.998466
8.870000 -0.017074 -0.012275 -9.998467
8.880000 -0.017180 -0.010567 -9.998468
8.890000 -0.017268 -0.008849 -9.998470
8.900000 -0.017340 -0.007123 -9.998471
8.910000 -0.017394 -0.005389 -9.998473
8.920000 -0.017430 -0.003650 -9.998474
8.930000 -0.017449 -0.001907 -9.998476
8.940000 -0.017451 -0.000162 -9.998477
8.950000 -0.017435 0.001583 -9.998479
8.960000 -0.017402 0.003327 -9.998480
8.970000 -0.017351 0.005067 -9.998482
8.980000 -0.017283 0.006802 -9.998483
8.990000 -0.017198 0.008530 -9.998485
9.000000 -0.017095 0.010250 -9.998486
9.010000 -0.016976 0.011959 -9.998488
9.020000 -0.016839 0.013656 -9.998489
9.030000 -0.016686 0.015340 -9.998490
9.040000 -0.016516 0.017009 -9.998492
9.050000 -0.016329 0.018660 -9.998493
9.060000 -0.016126 0.020293 -9.998494
9.070000 -0.015907 0.021906 -9.998495
9.080000 -0.015672 0.023496 -9.998496
9.090000 -0.015421 0.025063 -9.998497
9.100000 -0.015155 0.026605 -9.998498
9.110000 -0.014874 0.028121 -9.998498
9.120000 -0.014578 0.029608 -9.998499
9.130000 -0.014267 0.031066 -9.998500
9.140000 -0.013942 0.032493 -9.998500
9.150000 -0.013604 0.033887 -9.998501
9.160000 -0.013251 0.035247 -9.998501
9.170000 -0.012885 0.036572 -9.998501
9.180000 -0.012507 0.037861 -9.998501
9.190000 -0.012116 0.039111 -9.998501
9.200000 -0.011712 0.040323 -9.998501
9.210000 -0.011297 0.041494 -9.998501
9.220000 -0.010871 0.042624 -9.998501
9.230000 -0.010434 0.043711 -9.998500
9.240000 -0.009987 0.044754 -9.998500
9.250000 -0.009529 0.045753 -9.998499
9.260000 -0.009062 0.046706 -9.998499
9.270000 -0.008586 0.047612 -9.998498
9.280000 -0.008101 0.048471 -9.998497
9.290000 -0.007608 0.049281 -9.998496
9.300000 -0.007108 0.050042 -9.998495
9.310000 -0.006600 0.050752 -9.998494
9.320000 -0.006086 0.051412 -9.998493
9.330000 -0.005566 0.052021 -9.998492
9.340000 -0.005040 0.052578 -9.998491
9.350000 -0.004509 0.053082 -9.998489
9.360000 -0.003974 0.053533 -9.998488
9.370000 -0.003435 0.053930 -9.998487
9.380000 -0.002892 0.054273 -9.998485
9.390000 -0.002346 0.054563 -9.998484
9.400000 -0.001799 0.054797 -9.998482
9.410000 -0.001249 0.054977 -9.998481
9.420000 -0.000698 0.055102 -9.998479
9.430000 -0.000146 0.055172 -9.998478
9.440000 0.000406 0.055186 -9.998476
9.450000 0.000957 0.055146 -9.998475
9.460000 0.001508 0.055050 -9.998473
9.470000 0.002057 0.054899 -9.998472
9.480000 0.002604 0.054694 -9.998470
9.490000 0.003148 0.054433 -9.998469
9.500000 0.003689 0.054118 -9.998468
9.510000 0.004227 0.053750 -9.998466
9.520000 0.004760 0.053327 -9.998465
9.530000 0.005289 0.052851 -9.998464
9.540000 0.005812 0.052322 -9.998462
9.550000 0.006329 0.051741 -9.998461
9.560000 0.006840 0.051108 -9.998460
9.570000 0.007344 0.050424 -9.998459
9.580000 0.007841 0.049689 -9.998458
9.590000 0.008330 0.048905 -9.998457
9.600000 0.008811 0.048072 -9.998456
9.610000 0.009283 0.047191 -9.998456
9.620000 0.009746 0.046263 -9.998455
9.630000 0.010199 0.045288 -9.998454
9.640000 0.010641 0.044268 -9.998454
9.650000 0.011073 0.043204 -9.998454
9.660000 0.011494 0.042097 -9.998453
9.670000 0.011904 0.040948 -9.998453
9.680000 0.012301 0.039757 -9.998453
9.690000 0.012687 0.038527 -9.998453
9.700000 0.013059 0.037259 -9.998453
9.710000 0.013419 0.035953 -9.998453
9.720000 0.013765 0.034611 -9.998454
9.730000 0.014097 0.033234 -9.998454
9.740000 0.014415 0.031825 -9.998455
9.750000 0.014719 0.030383 -9.998455
9.760000 0.015008 0.028911 -9.998456
9.770000 0.015282 0.027411 -9.998457
9.780000 0.015541 0.025882 -9.998457
9.790000 0.015785 0.024328 -9.998458
9.800000 0.016012 0.022750 -9.998459
9.810000 0.016224 0.021149 -9.998460
9.820000 0.016419 0.019527 -9.998461
9.830000 0.016598 0.017885 -9.998463
9.840000 0.016760 0.016225 -9.998464
9.850000 0.016905 0.014549 -9.998465
9.860000 0.017034 0.012859 -9.998467
9.870000 0.017146 0.011155 -9.998468
9.880000 0.017240 0.009441 -9.998469
9.890000 0.017317 0.007717 -9.998471
9.900000 0.017377 0.005985 -9.998472
9.910000 0.017419 0.004248 -9.998474
9.920000 0.017445 0.002506 -9.998475
9.930000 0.017452 0.000761 -9.998477
9.940000 0.017442 -0.000984 -9.998478
9.950000 0.017415 -0.002728 -9.998480
9.960000 0.017370 -0.004469 -9.998481
9.970000 0.017308 -0.006206 -9.998483
9.980000 0.017229 -0.007937 -9.998484
9.990000 0.017132 -0.009660 -9.998486
10.000000 0.017019 -0.011373 -9.998487
