0.000000 1.570800 0.000000 0.000037
0.010000 1.569800 -0.100000 -0.004963
0.020000 1.567800 -0.200000 -0.009963
0.030000 1.564800 -0.300000 -0.014963
0.040000 1.560800 -0.399998 -0.019962
0.050000 1.555800 -0.499993 -0.024960
0.060000 1.549800 -0.599981 -0.029956
0.070000 1.542801 -0.699959 -0.034948
0.080000 1.534801 -0.799920 -0.039934
0.090000 1.525803 -0.899855 -0.044912
0.100000 1.515805 -0.999754 -0.049878
0.110000 1.504809 -1.099603 -0.054827
0.120000 1.492816 -1.199385 -0.059755
0.130000 1.479825 -1.299082 -0.064656
0.140000 1.465838 -1.398668 -0.069521
0.150000 1.450857 -1.498118 -0.074343
0.160000 1.434883 -1.597399 -0.079112
0.170000 1.417918 -1.696477 -0.083817
0.180000 1.399965 -1.795311 -0.088446
0.190000 1.381026 -1.893855 -0.092986
0.200000 1.361106 -1.992060 -0.097421
0.210000 1.340207 -2.089870 -0.101735
0.220000 1.318335 -2.187223 -0.105910
0.230000 1.295494 -2.284053 -0.109927
0.240000 1.271691 -2.380287 -0.113766
0.250000 1.246933 -2.475847 -0.117404
0.260000 1.221227 -2.570648 -0.120820
0.270000 1.194581 -2.664600 -0.123988
0.280000 1.167004 -2.757607 -0.126884
0.290000 1.138509 -2.849564 -0.129481
0.300000 1.109105 -2.940365 -0.131754
0.310000 1.078806 -3.029895 -0.133676
0.320000 1.047626 -3.118035 -0.135220
0.330000 1.015579 -3.204659 -0.136359
0.340000 0.982683 -3.289637 -0.137067
0.350000 0.948955 -3.372836 -0.137319
0.360000 0.914413 -3.454117 -0.137092
0.370000 0.879080 -3.533337 -0.136363
0.380000 0.842976 -3.610353 -0.135111
0.390000 0.806126 -3.685015 -0.133320
0.400000 0.768555 -3.757176 -0.130974
0.410000 0.730288 -3.826686 -0.128062
0.420000 0.691354 -3.893395 -0.124576
0.430000 0.651782 -3.957153 -0.120511
0.440000 0.611604 -4.017813 -0.115870
0.450000 0.570852 -4.075231 -0.110656
0.460000 0.529559 -4.129266 -0.104880
0.470000 0.487761 -4.179781 -0.098556
0.480000 0.445495 -4.226646 -0.091706
0.490000 0.402797 -4.269737 -0.084354
0.500000 0.359708 -4.308936 -0.076531
0.510000 0.316267 -4.344136 -0.068272
0.520000 0.272514 -4.375238 -0.059617
0.530000 0.228493 -4.402154 -0.050611
0.540000 0.184245 -4.424805 -0.041301
0.550000 0.139814 -4.443125 -0.031740
0.560000 0.095243 -4.457061 -0.021982
0.570000 0.050577 -4.466571 -0.012085
0.580000 0.005861 -4.471626 -0.002107
0.590000 -0.038861 -4.472212 0.007892
0.600000 -0.083544 -4.468327 0.017852
0.610000 -0.128144 -4.459983 0.027715
0.620000 -0.172616 -4.447203 0.037420
0.630000 -0.216917 -4.430027 0.046913
0.640000 -0.261002 -4.408505 0.056139
0.650000 -0.304829 -4.382700 0.065047
0.660000 -0.348356 -4.352687 0.073590
0.670000 -0.391541 -4.318552 0.081725
0.680000 -0.434345 -4.280391 0.089414
0.690000 -0.476728 -4.238309 0.096621
0.700000 -0.518652 -4.192422 0.103319
0.710000 -0.560081 -4.142851 0.109484
0.720000 -0.600978 -4.089725 0.115096
0.730000 -0.641310 -4.033180 0.120143
0.740000 -0.681043 -3.973356 0.124616
0.750000 -0.720147 -3.910395 0.128510
0.760000 -0.758592 -3.844446 0.131827
0.770000 -0.796348 -3.775656 0.134572
0.780000 -0.833390 -3.704175 0.136754
0.790000 -0.869692 -3.630154 0.138385
0.800000 -0.905229 -3.553741 0.139482
0.810000 -0.939980 -3.475084 0.140061
0.820000 -0.973923 -3.394329 0.140145
0.830000 -1.007039 -3.311620 0.139757
0.840000 -1.039310 -3.227094 0.138919
0.850000 -1.070719 -3.140889 0.137659
0.860000 -1.101251 -3.053134 0.136001
0.870000 -1.130890 -2.963957 0.133974
0.880000 -1.159625 -2.873478 0.131603
0.890000 -1.187443 -2.781812 0.128915
0.900000 -1.214334 -2.689071 0.125937
0.910000 -1.240287 -2.595357 0.122693
0.920000 -1.265295 -2.500769 0.119210
0.930000 -1.289349 -2.405400 0.115510
0.940000 -1.312442 -2.309334 0.111617
0.950000 -1.334569 -2.212653 0.107551
0.960000 -1.355723 -2.115430 0.103333
0.970000 -1.375900 -2.017734 0.098982
0.980000 -1.395097 -1.919627 0.094515
0.990000 -1.413308 -1.821167 0.089948
1.000000 -1.430532 -1.722405 0.085295
1.010000 -1.446766 -1.623387 0.080570
1.020000 -1.462008 -1.524155 0.075784
1.030000 -1.476255 -1.424746 0.070948
1.040000 -1.489507 -1.325193 0.066072
1.050000 -1.501762 -1.225523 0.061163
1.060000 -1.513020 -1.125761 0.056228
1.070000 -1.523279 -1.025928 0.051273
1.080000 -1.532540 -0.926041 0.046304
1.090000 -1.540801 -0.826114 0.041323
1.100000 -1.548063 -0.726159 0.036335
1.110000 -1.554324 -0.626185 0.031341
1.120000 -1.559586 -0.526198 0.026345
1.130000 -1.563848 -0.426205 0.021346
1.140000 -1.567110 -0.326207 0.016347
1.150000 -1.569373 -0.226208 0.011347
1.160000 -1.570635 -0.126208 0.006347
1.170000 -1.570897 -0.026208 0.001347
1.180000 -1.570159 0.073792 -0.003653
1.190000 -1.568421 0.173792 -0.008653
1.200000 -1.565683 0.273792 -0.013653
1.210000 -1.561945 0.373791 -0.018652
1.220000 -1.557207 0.473787 -0.023651
1.230000 -1.551469 0.573778 -0.028647
1.240000 -1.544732 0.673759 -0.033640
1.250000 -1.536995 0.773725 -0.038628
1.260000 -1.528258 0.873668 -0.043609
1.270000 -1.518522 0.973577 -0.048578
1.280000 -1.507788 1.073441 -0.053532
1.290000 -1.496055 1.173242 -0.058466
1.300000 -1.483326 1.272963 -0.063374
1.310000 -1.469600 1.372581 -0.068250
1.320000 -1.454879 1.472069 -0.073084
1.330000 -1.439165 1.571398 -0.077868
1.340000 -1.422460 1.670533 -0.082591
1.350000 -1.404765 1.769435 -0.087241
1.360000 -1.386085 1.868060 -0.091806
1.370000 -1.366421 1.966359 -0.096269
1.380000 -1.345779 2.064277 -0.100617
1.390000 -1.324161 2.161756 -0.104830
1.400000 -1.301574 2.258730 -0.108891
1.410000 -1.278022 2.355128 -0.112778
1.420000 -1.253514 2.450873 -0.116471
1.430000 -1.228055 2.545881 -0.119948
1.440000 -1.201654 2.640065 -0.123183
1.450000 -1.174321 2.733329 -0.126152
1.460000 -1.146065 2.825572 -0.128831
1.470000 -1.116898 2.916687 -0.131191
1.480000 -1.086833 3.006561 -0.133208
1.490000 -1.055882 3.095077 -0.134853
1.500000 -1.024061 3.182110 -0.136101
1.510000 -0.991385 3.267533 -0.136924
1.520000 -0.957873 3.351212 -0.137299
1.530000 -0.923543 3.433009 -0.137199
1.540000 -0.888415 3.512783 -0.136604
1.550000 -0.852512 3.590390 -0.135491
1.560000 -0.815855 3.665684 -0.133843
1.570000 -0.778470 3.738515 -0.131643
1.580000 -0.740382 3.808734 -0.128880
1.590000 -0.701620 3.876191 -0.125545
1.600000 -0.662213 3.940737 -0.121632
1.610000 -0.622191 4.002223 -0.117142
1.620000 -0.581586 4.060505 -0.112077
1.630000 -0.540431 4.115440 -0.106447
1.640000 -0.498762 4.166890 -0.100265
1.650000 -0.456615 4.214724 -0.093551
1.660000 -0.414027 4.258815 -0.086328
1.670000 -0.371037 4.299045 -0.078625
1.680000 -0.327684 4.335303 -0.070477
1.690000 -0.284009 4.367489 -0.061921
1.700000 -0.240054 4.395509 -0.053002
1.710000 -0.195861 4.419285 -0.043767
1.720000 -0.151473 4.438746 -0.034267
1.730000 -0.106935 4.453835 -0.024556
1.740000 -0.062290 4.464508 -0.014689
1.750000 -0.017582 4.470733 -0.004727
1.760000 0.027142 4.472491 0.005273
1.770000 0.071840 4.469777 0.015249
1.780000 0.116466 4.462600 0.025143
1.790000 0.160976 4.450979 0.034895
1.800000 0.205326 4.434951 0.044449
1.810000 0.249471 4.414563 0.053750
1.820000 0.293370 4.389873 0.062746
1.830000 0.336979 4.360955 0.071389
1.840000 0.380258 4.327892 0.079635
1.850000 0.423166 4.290776 0.087444
1.860000 0.465663 4.249711 0.094781
1.870000 0.507711 4.204809 0.101615
1.880000 0.549273 4.156191 0.107921
1.890000 0.590313 4.103984 0.113680
1.900000 0.630796 4.048322 0.118876
1.910000 0.670690 3.989344 0.123499
1.920000 0.709962 3.927191 0.127545
1.930000 0.748582 3.862010 0.131014
1.940000 0.786521 3.793950 0.133908
1.950000 0.823753 3.723160 0.136236
1.960000 0.860251 3.649790 0.138010
1.970000 0.895991 3.573990 0.139245
1.980000 0.930950 3.495907 0.139958
1.990000 0.965107 3.415688 0.140170
2.000000 0.998441 3.333477 0.139903
2.010000 1.030936 3.249414 0.139181
2.020000 1.062572 3.163636 0.138029
2.030000 1.093335 3.076275 0.136473
2.040000 1.123209 2.987459 0.134539
2.050000 1.152182 2.897310 0.132256
2.060000 1.180242 2.805944 0.129648
2.070000 1.207376 2.713474 0.126744
2.080000 1.233577 2.620006 0.123568
2.090000 1.258833 2.525638 0.120145
2.100000 1.283138 2.430465 0.116500
2.110000 1.306483 2.334574 0.112655
2.120000 1.328864 2.238046 0.108632
2.130000 1.350273 2.140959 0.104452
2.140000 1.370707 2.043380 0.100134
2.150000 1.390161 1.945375 0.095696
2.160000 1.408631 1.847002 0.091153
2.170000 1.426114 1.748314 0.086522
2.180000 1.442608 1.649359 0.081814
2.190000 1.458109 1.550180 0.077044
2.200000 1.472618 1.450814 0.072220
2.210000 1.486131 1.351296 0.067354
2.220000 1.498647 1.251654 0.062452
2.230000 1.510166 1.151914 0.057524
2.240000 1.520687 1.052098 0.052573
2.250000 1.530209 0.952223 0.047607
2.260000 1.538733 0.852306 0.042629
2.270000 1.546256 0.752357 0.037643
2.280000 1.552780 0.652387 0.032651
2.290000 1.558304 0.552403 0.027655
2.300000 1.562828 0.452411 0.022657
2.310000 1.566352 0.352414 0.017657
2.320000 1.568876 0.252415 0.012657
2.330000 1.570401 0.152415 0.007658
2.340000 1.570925 0.052415 0.002658
2.350000 1.570449 -0.047585 -0.002342
2.360000 1.568973 -0.147585 -0.007342
2.370000 1.566497 -0.247584 -0.012342
2.380000 1.563021 -0.347583 -0.017342
2.390000 1.558546 -0.447580 -0.022341
2.400000 1.553070 -0.547573 -0.027338
2.410000 1.546594 -0.647557 -0.032332
2.420000 1.539119 -0.747528 -0.037322
2.430000 1.530644 -0.847478 -0.042304
2.440000 1.521170 -0.947397 -0.047277
2.450000 1.510697 -1.047274 -0.052235
2.460000 1.499227 -1.147093 -0.057175
2.470000 1.486758 -1.246837 -0.062091
2.480000 1.473293 -1.346485 -0.066976
2.490000 1.458833 -1.446010 -0.071821
2.500000 1.443379 -1.545383 -0.076620
2.510000 1.426934 -1.644573 -0.081360
2.520000 1.409498 -1.743540 -0.086030
2.530000 1.391076 -1.842242 -0.090618
2.540000 1.371670 -1.940631 -0.095110
2.550000 1.351283 -2.038655 -0.099490
2.560000 1.329920 -2.136255 -0.103740
2.570000 1.307587 -2.233368 -0.107842
2.580000 1.284287 -2.329924 -0.111777
2.590000 1.260029 -2.425848 -0.115524
2.600000 1.234818 -2.521058 -0.119059
2.610000 1.208664 -2.615467 -0.122360
2.620000 1.181574 -2.708981 -0.125401
2.630000 1.153559 -2.801502 -0.128158
2.640000 1.124630 -2.892923 -0.130605
2.650000 1.094798 -2.983134 -0.132714
2.660000 1.064078 -3.072017 -0.134459
2.670000 1.032484 -3.159451 -0.135814
2.680000 1.000031 -3.245309 -0.136751
2.690000 0.966736 -3.329458 -0.137245
2.700000 0.932618 -3.411761 -0.137272
2.710000 0.897698 -3.492079 -0.136809
2.720000 0.861995 -3.570269 -0.135834
2.730000 0.825533 -3.646183 -0.134327
2.740000 0.788336 -3.719674 -0.132274
2.750000 0.750430 -3.790592 -0.129660
2.760000 0.711843 -3.858788 -0.126475
2.770000 0.672601 -3.924111 -0.122714
2.780000 0.632737 -3.986413 -0.118374
2.790000 0.592282 -4.045548 -0.113460
2.800000 0.551268 -4.101374 -0.107977
2.810000 0.509731 -4.153751 -0.101938
2.820000 0.467705 -4.202545 -0.095361
2.830000 0.425229 -4.247629 -0.088269
2.840000 0.382340 -4.288882 -0.080688
2.850000 0.339078 -4.326191 -0.072653
2.860000 0.295484 -4.359453 -0.064200
2.870000 0.251598 -4.388573 -0.055372
2.880000 0.207463 -4.413468 -0.046215
2.890000 0.163123 -4.434066 -0.036780
2.900000 0.118619 -4.450306 -0.027118
2.910000 0.073998 -4.462140 -0.017287
2.920000 0.029303 -4.469533 -0.007344
2.930000 -0.015422 -4.472463 0.002652
2.940000 -0.060131 -4.470921 0.012640
2.950000 -0.104780 -4.464911 0.022561
2.960000 -0.149325 -4.454453 0.032356
2.970000 -0.193720 -4.439576 0.041967
2.980000 -0.237924 -4.420324 0.051340
2.990000 -0.281891 -4.396756 0.060421
3.000000 -0.325581 -4.368939 0.069161
3.010000 -0.368950 -4.336953 0.077515
3.020000 -0.411959 -4.300889 0.085442
3.030000 -0.454568 -4.260849 0.092905
3.040000 -0.496737 -4.216941 0.099874
3.050000 -0.538430 -4.169285 0.106320
3.060000 -0.579610 -4.118006 0.112224
3.070000 -0.620242 -4.063237 0.117569
3.080000 -0.660293 -4.005113 0.122343
3.090000 -0.699731 -3.943778 0.126541
3.100000 -0.738525 -3.879377 0.130160
3.110000 -0.776646 -3.812057 0.133204
3.120000 -0.814065 -3.741968 0.135680
3.130000 -0.850758 -3.669260 0.137598
3.140000 -0.886699 -3.594082 0.138973
3.150000 -0.921864 -3.516583 0.139821
3.160000 -0.956234 -3.436910 0.140162
3.170000 -0.989786 -3.355207 0.140018
3.180000 -1.022502 -3.271617 0.139413
3.190000 -1.054365 -3.186275 0.138371
3.200000 -1.085358 -3.099316 0.136918
3.210000 -1.115466 -3.010869 0.135081
3.220000 -1.144677 -2.921058 0.132887
3.230000 -1.172977 -2.830000 0.130362
3.240000 -1.200355 -2.737809 0.127532
3.250000 -1.226801 -2.644593 0.124425
3.260000 -1.252306 -2.550451 0.121064
3.270000 -1.276860 -2.455480 0.117475
3.280000 -1.300458 -2.359769 0.113680
3.290000 -1.323092 -2.263401 0.109702
3.300000 -1.344757 -2.166453 0.105562
3.310000 -1.365447 -2.068997 0.101278
3.320000 -1.385158 -1.971098 0.096870
3.330000 -1.403886 -1.872816 0.092353
3.340000 -1.421628 -1.774206 0.087743
3.350000 -1.438381 -1.675317 0.083055
3.360000 -1.454143 -1.576192 0.078299
3.370000 -1.468912 -1.476872 0.073489
3.380000 -1.482685 -1.377390 0.068633
3.390000 -1.495463 -1.277778 0.063740
3.400000 -1.507244 -1.178062 0.058818
3.410000 -1.518026 -1.078264 0.053873
3.420000 -1.527811 -0.978403 0.048910
3.430000 -1.536595 -0.878495 0.043935
3.440000 -1.544381 -0.778554 0.038950
3.450000 -1.551167 -0.678589 0.033959
3.460000 -1.556953 -0.578608 0.028964
3.470000 -1.561739 -0.478617 0.023967
3.480000 -1.565525 -0.378621 0.018968
3.490000 -1.568312 -0.278623 0.013968
3.500000 -1.570098 -0.178623 0.008968
3.510000 -1.570884 -0.078623 0.003968
3.520000 -1.570670 0.021377 -0.001032
3.530000 -1.569456 0.121377 -0.006032
3.540000 -1.567243 0.221377 -0.011032
3.550000 -1.564029 0.321376 -0.016032
3.560000 -1.559815 0.421374 -0.021031
3.570000 -1.554602 0.521368 -0.026028
3.580000 -1.548388 0.621355 -0.031024
3.590000 -1.541175 0.721330 -0.036015
3.600000 -1.532962 0.821286 -0.040999
3.610000 -1.523750 0.921214 -0.045975
3.620000 -1.513539 1.021103 -0.050938
3.630000 -1.502329 1.120940 -0.055883
3.640000 -1.490122 1.220705 -0.060805
3.650000 -1.476918 1.320380 -0.065699
3.660000 -1.462719 1.419940 -0.070556
3.670000 -1.447525 1.519356 -0.075367
3.680000 -1.431339 1.618597 -0.080124
3.690000 -1.414163 1.717627 -0.084814
3.700000 -1.395999 1.816402 -0.089425
3.710000 -1.376850 1.914879 -0.093943
3.720000 -1.356720 2.013004 -0.098354
3.730000 -1.335613 2.110721 -0.102639
3.740000 -1.313533 2.207968 -0.106782
3.750000 -1.290487 2.304677 -0.110763
3.760000 -1.266479 2.400774 -0.114561
3.770000 -1.241517 2.496179 -0.118154
3.780000 -1.215609 2.590807 -0.121519
3.790000 -1.188763 2.684565 -0.124631
3.800000 -1.160990 2.777356 -0.127465
3.810000 -1.132299 2.869076 -0.129995
3.820000 -1.102703 2.959615 -0.132195
3.830000 -1.072214 3.048858 -0.134039
3.840000 -1.040848 3.136684 -0.135498
3.850000 -1.008618 3.222967 -0.136547
3.860000 -0.975542 3.307577 -0.137160
3.870000 -0.941638 3.390377 -0.137312
3.880000 -0.906926 3.471230 -0.136979
3.890000 -0.871426 3.549991 -0.136140
3.900000 -0.835161 3.626516 -0.134774
3.910000 -0.798154 3.700656 -0.132866
3.920000 -0.760432 3.772263 -0.130400
3.930000 -0.722020 3.841187 -0.127365
3.940000 -0.682947 3.907277 -0.123755
3.950000 -0.643243 3.970385 -0.119568
3.960000 -0.602940 4.030364 -0.114803
3.970000 -0.562069 4.087071 -0.109468
3.980000 -0.520665 4.140365 -0.103573
3.990000 -0.478764 4.190111 -0.097135
4.000000 -0.436402 4.236179 -0.090176
4.010000 -0.393618 4.278447 -0.082720
4.020000 -0.350450 4.316800 -0.074801
4.030000 -0.306939 4.351132 -0.066454
4.040000 -0.263125 4.381347 -0.057720
4.050000 -0.219052 4.407356 -0.048644
4.060000 -0.174761 4.429087 -0.039276
4.070000 -0.130296 4.446474 -0.029669
4.080000 -0.085701 4.459467 -0.019876
4.090000 -0.041021 4.468027 -0.009957
4.100000 0.003700 4.472127 0.000031
4.110000 0.048418 4.471757 0.010027
4.120000 0.093087 4.466918 0.019971
4.130000 0.137663 4.457622 0.029805
4.140000 0.182102 4.443899 0.039469
4.150000 0.226360 4.425790 0.048910
4.160000 0.270394 4.403346 0.058072
4.170000 0.314160 4.376635 0.066906
4.180000 0.357617 4.345734 0.075365
4.190000 0.400725 4.310729 0.083408
4.200000 0.443442 4.271721 0.090996
4.210000 0.485730 4.228816 0.098097
4.220000 0.527551 4.182130 0.104683
4.230000 0.568869 4.131788 0.110731
4.240000 0.609648 4.077920 0.116223
4.250000 0.649855 4.020663 0.121148
4.260000 0.689456 3.960155 0.125497
4.270000 0.728422 3.896544 0.129268
4.280000 0.766722 3.829974 0.132462
4.290000 0.804328 3.760597 0.135086
4.300000 0.841213 3.688560 0.137149
4.310000 0.877353 3.614015 0.138664
4.320000 0.912724 3.537110 0.139648
4.330000 0.947304 3.457993 0.140120
4.340000 0.981072 3.376808 0.140101
4.350000 1.014009 3.293699 0.139614
4.360000 1.046097 3.208803 0.138684
4.370000 1.077320 3.122255 0.137337
4.380000 1.107662 3.034186 0.135598
4.390000 1.137109 2.944721 0.133495
4.400000 1.165649 2.853978 0.131054
4.410000 1.193270 2.762074 0.128302
4.420000 1.219961 2.669116 0.125265
4.430000 1.245713 2.575207 0.121968
4.440000 1.270517 2.480445 0.118437
4.450000 1.294367 2.384920 0.114694
4.460000 1.317254 2.288716 0.110762
4.470000 1.339173 2.191913 0.106662
4.480000 1.360119 2.094584 0.102414
4.490000 1.380087 1.996795 0.098036
4.500000 1.399073 1.898608 0.093547
4.510000 1.417073 1.800078 0.088960
4.520000 1.434086 1.701258 0.084290
4.530000 1.450108 1.602191 0.079551
4.540000 1.465137 1.502918 0.074754
4.550000 1.479172 1.403476 0.069909
4.560000 1.492211 1.303895 0.065025
4.570000 1.504253 1.204204 0.060110
4.580000 1.515297 1.104425 0.055170
4.590000 1.525343 1.004579 0.050212
4.600000 1.534390 0.904682 0.045240
4.610000 1.542437 0.804749 0.040257
4.620000 1.549485 0.704789 0.035268
4.630000 1.555533 0.604812 0.030274
4.640000 1.560581 0.504823 0.025276
4.650000 1.564630 0.404828 0.020278
4.660000 1.567678 0.304830 0.015278
4.670000 1.569726 0.204831 0.010278
4.680000 1.570775 0.104831 0.005278
4.690000 1.570823 0.004831 0.000278
4.700000 1.569871 -0.095169 -0.004722
4.710000 1.567920 -0.195169 -0.009722
4.720000 1.564968 -0.295169 -0.014721
4.730000 1.561016 -0.395167 -0.019721
4.740000 1.556065 -0.495162 -0.024719
4.750000 1.550113 -0.595151 -0.029715
4.760000 1.543162 -0.695130 -0.034707
4.770000 1.535211 -0.795092 -0.039694
4.780000 1.526261 -0.895028 -0.044672
4.790000 1.516311 -0.994929 -0.049638
4.800000 1.505364 -1.094781 -0.054589
4.810000 1.493418 -1.194567 -0.059518
4.820000 1.480475 -1.294268 -0.064420
4.830000 1.466537 -1.393860 -0.069287
4.840000 1.451603 -1.493317 -0.074111
4.850000 1.435677 -1.592607 -0.078883
4.860000 1.418760 -1.691696 -0.083591
4.870000 1.400855 -1.790543 -0.088225
4.880000 1.381964 -1.889102 -0.092769
4.890000 1.362091 -1.987324 -0.097209
4.900000 1.341239 -2.085154 -0.101529
4.910000 1.319414 -2.182531 -0.105711
4.920000 1.296620 -2.279388 -0.109737
4.930000 1.272863 -2.375653 -0.113585
4.940000 1.248151 -2.471247 -0.117234
4.950000 1.222490 -2.566087 -0.120660
4.960000 1.195889 -2.660083 -0.123841
4.970000 1.168358 -2.753137 -0.126750
4.980000 1.139906 -2.845148 -0.129363
4.990000 1.110546 -2.936007 -0.131652
5.000000 1.080290 -3.025601 -0.133592
5.010000 1.049152 -3.113811 -0.135154
5.020000 1.017147 -3.200511 -0.136313
5.030000 0.984291 -3.285572 -0.137043
5.040000 0.950603 -3.368860 -0.137318
5.050000 0.916100 -3.450237 -0.137114
5.060000 0.880805 -3.529560 -0.136410
5.070000 0.844738 -3.606685 -0.135184
5.080000 0.807923 -3.681465 -0.133419
5.090000 0.770386 -3.753750 -0.131100
5.100000 0.732152 -3.823391 -0.128216
5.110000 0.693250 -3.890238 -0.124757
5.120000 0.653708 -3.954142 -0.120721
5.130000 0.613559 -4.014956 -0.116107
5.140000 0.572833 -4.072534 -0.110921
5.150000 0.531566 -4.126735 -0.105171
5.160000 0.489792 -4.177424 -0.098874
5.170000 0.447547 -4.224468 -0.092049
5.180000 0.404869 -4.267744 -0.084720
5.190000 0.361798 -4.307133 -0.076919
5.200000 0.318373 -4.342529 -0.068680
5.210000 0.274635 -4.373831 -0.060044
5.220000 0.230625 -4.400951 -0.051053
5.230000 0.186387 -4.423809 -0.041757
5.240000 0.141964 -4.442340 -0.032207
5.250000 0.097399 -4.456489 -0.022457
5.260000 0.052737 -4.466214 -0.012566
5.270000 0.008022 -4.471485 -0.002590
5.280000 -0.036701 -4.472287 0.007409
5.290000 -0.081387 -4.468618 0.017373
5.300000 -0.125992 -4.460488 0.027241
5.310000 -0.170471 -4.447922 0.036956
5.320000 -0.214781 -4.430957 0.046460
5.330000 -0.258877 -4.409644 0.055700
5.340000 -0.302718 -4.384044 0.064625
5.350000 -0.346260 -4.354233 0.073187
5.360000 -0.389463 -4.320295 0.081342
5.370000 -0.432286 -4.282325 0.089053
5.380000 -0.474691 -4.240431 0.096285
5.390000 -0.516638 -4.194724 0.103008
5.400000 -0.558091 -4.145328 0.109199
5.410000 -0.599015 -4.092371 0.114838
5.420000 -0.639375 -4.035988 0.119912
5.430000 -0.679138 -3.976319 0.124413
5.440000 -0.718273 -3.913507 0.128335
5.450000 -0.756750 -3.847698 0.131680
5.460000 -0.794541 -3.779042 0.134453
5.470000 -0.831617 -3.707688 0.136662
5.480000 -0.867955 -3.633786 0.138319
5.490000 -0.903530 -3.557485 0.139441
5.500000 -0.938319 -3.478933 0.140045
5.510000 -0.972302 -3.398277 0.140152
5.520000 -1.005459 -3.315658 0.139786
5.530000 -1.037771 -3.231217 0.138970
5.540000 -1.069222 -3.145090 0.137729
5.550000 -1.099796 -3.057407 0.136090
5.560000 -1.129479 -2.968296 0.134080
5.570000 -1.158258 -2.877877 0.131725
5.580000 -1.186120 -2.786266 0.129052
5.590000 -1.213056 -2.693574 0.126087
5.600000 -1.239055 -2.599905 0.122856
5.610000 -1.264109 -2.505358 0.119383
5.620000 -1.288209 -2.410024 0.115694
5.630000 -1.311349 -2.313990 0.111809
5.640000 -1.333522 -2.217337 0.107751
5.650000 -1.354724 -2.120138 0.103540
5.660000 -1.374948 -2.022464 0.099195
5.670000 -1.394192 -1.924375 0.094733
5.680000 -1.412451 -1.825931 0.090170
5.690000 -1.429723 -1.727182 0.085521
5.700000 -1.446005 -1.628175 0.080800
5.710000 -1.461294 -1.528953 0.076017
5.720000 -1.475590 -1.429552 0.071183
5.730000 -1.488890 -1.330005 0.066308
5.740000 -1.501193 -1.230340 0.061401
5.750000 -1.512499 -1.130582 0.056467
5.760000 -1.522807 -1.030752 0.051513
5.770000 -1.532115 -0.930867 0.046544
5.780000 -1.540425 -0.830942 0.041564
5.790000 -1.547735 -0.730988 0.036576
5.800000 -1.554045 -0.631015 0.031583
5.810000 -1.559355 -0.531029 0.026586
5.820000 -1.563665 -0.431035 0.021588
5.830000 -1.566976 -0.331038 0.016588
5.840000 -1.569286 -0.231039 0.011589
5.850000 -1.570597 -0.131039 0.006589
5.860000 -1.570907 -0.031039 0.001589
5.870000 -1.570217 0.068961 -0.003411
5.880000 -1.568528 0.168961 -0.008411
5.890000 -1.565838 0.268961 -0.013411
5.900000 -1.562149 0.368960 -0.018411
5.910000 -1.557459 0.468956 -0.023409
5.920000 -1.551770 0.568947 -0.028406
5.930000 -1.545080 0.668929 -0.033399
5.940000 -1.537391 0.768896 -0.038388
5.950000 -1.528703 0.868840 -0.043368
5.960000 -1.519015 0.968752 -0.048338
5.970000 -1.508329 1.068618 -0.053293
5.980000 -1.496645 1.168423 -0.058228
5.990000 -1.483964 1.268148 -0.063138
6.000000 -1.470286 1.367771 -0.068015
6.010000 -1.455613 1.467266 -0.072851
6.020000 -1.439947 1.566604 -0.077638
6.030000 -1.423290 1.665749 -0.082364
6.040000 -1.405643 1.764663 -0.087018
6.050000 -1.387010 1.863302 -0.091587
6.060000 -1.367394 1.961618 -0.096056
6.070000 -1.346798 2.059557 -0.100410
6.080000 -1.325228 2.157058 -0.104630
6.090000 -1.302687 2.254058 -0.108698
6.100000 -1.279182 2.350486 -0.112595
6.110000 -1.254720 2.446264 -0.116298
6.120000 -1.229306 2.541310 -0.119785
6.130000 -1.202951 2.635536 -0.123033
6.140000 -1.175663 2.728846 -0.126016
6.150000 -1.147451 2.821141 -0.128708
6.160000 -1.118328 2.912313 -0.131085
6.170000 -1.088306 3.002250 -0.133119
6.180000 -1.057397 3.090834 -0.134783
6.190000 -1.025618 3.177942 -0.136050
6.200000 -0.992983 3.263445 -0.136895
6.210000 -0.959511 3.347211 -0.137291
6.220000 -0.925220 3.429102 -0.137215
6.230000 -0.890130 3.508978 -0.136644
6.240000 -0.854264 3.586693 -0.135557
6.250000 -0.817643 3.662102 -0.133935
6.260000 -0.780292 3.735055 -0.131762
6.270000 -0.742238 3.805404 -0.129027
6.280000 -0.703508 3.872998 -0.125719
6.290000 -0.664131 3.937688 -0.121835
6.300000 -0.624138 3.999325 -0.117372
6.310000 -0.583560 4.057765 -0.112335
6.320000 -0.542432 4.112865 -0.106732
6.330000 -0.500787 4.164487 -0.100576
6.340000 -0.458662 4.212498 -0.093887
6.350000 -0.416094 4.256773 -0.086688
6.360000 -0.373122 4.297192 -0.079008
6.370000 -0.329786 4.333645 -0.070880
6.380000 -0.286125 4.366029 -0.062343
6.390000 -0.242183 4.394252 -0.053441
6.400000 -0.198000 4.418235 -0.044220
6.410000 -0.153621 4.437906 -0.034731
6.420000 -0.109089 4.453207 -0.025029
6.430000 -0.064448 4.464095 -0.015169
6.440000 -0.019743 4.470535 -0.005209
6.450000 0.024982 4.472509 0.004790
6.460000 0.069682 4.470011 0.014769
6.470000 0.114313 4.463049 0.024668
6.480000 0.158829 4.451642 0.034428
6.490000 0.203187 4.435826 0.043993
6.500000 0.247344 4.415647 0.053307
6.510000 0.291255 4.391164 0.062319
6.520000 0.334880 4.362448 0.070980
6.530000 0.378176 4.329583 0.079246
6.540000 0.421102 4.292660 0.087077
6.550000 0.463620 4.251784 0.094437
6.560000 0.505691 4.207065 0.101296
6.570000 0.547277 4.158623 0.107629
6.580000 0.588343 4.106587 0.113414
6.590000 0.628854 4.051089 0.118638
6.600000 0.668777 3.992267 0.123289
6.610000 0.708079 3.930264 0.127363
6.620000 0.746731 3.865227 0.130859
6.630000 0.784704 3.797302 0.133781
6.640000 0.821971 3.726641 0.136137
6.650000 0.858505 3.653392 0.137937
6.660000 0.894282 3.577705 0.139198
6.670000 0.929279 3.499729 0.139935
6.680000 0.963475 3.419610 0.140171
6.690000 0.996850 3.337492 0.139926
6.700000 1.029385 3.253516 0.139226
6.710000 1.061064 3.167818 0.138094
6.720000 1.091869 3.080530 0.136557
6.730000 1.121787 2.991781 0.134641
6.740000 1.150804 2.901693 0.132374
6.750000 1.178907 2.810384 0.129782
6.760000 1.206087 2.717965 0.126891
6.770000 1.232332 2.624543 0.123727
6.780000 1.257635 2.530216 0.120315
6.790000 1.281985 2.435080 0.116680
6.800000 1.305378 2.339221 0.112845
6.810000 1.327805 2.242723 0.108830
6.820000 1.349261 2.145661 0.104658
6.830000 1.369743 2.048105 0.100346
6.840000 1.389244 1.950119 0.095913
6.850000 1.407761 1.851762 0.091375
6.860000 1.425292 1.753089 0.086747
6.870000 1.441834 1.654145 0.082043
6.880000 1.457383 1.554976 0.077275
6.890000 1.471940 1.455618 0.072454
6.900000 1.485501 1.356106 0.067589
6.910000 1.498065 1.256470 0.062690
6.920000 1.509633 1.156734 0.057762
6.930000 1.520202 1.056921 0.052813
6.940000 1.529772 0.957049 0.047848
6.950000 1.538344 0.857133 0.042870
6.960000 1.545916 0.757186 0.037884
6.970000 1.552488 0.657217 0.032892
6.980000 1.558060 0.557234 0.027896
6.990000 1.562633 0.457242 0.022898
7.000000 1.566205 0.357245 0.017899
7.010000 1.568777 0.257246 0.012899
7.020000 1.570350 0.157246 0.007899
7.030000 1.570922 0.057246 0.002899
7.040000 1.570495 -0.042754 -0.002101
7.050000 1.569067 -0.142754 -0.007101
7.060000 1.566640 -0.242753 -0.012101
7.070000 1.563212 -0.342753 -0.017100
7.080000 1.558785 -0.442750 -0.022099
7.090000 1.553357 -0.542742 -0.027097
7.100000 1.546930 -0.642727 -0.032091
7.110000 1.539503 -0.742699 -0.037081
7.120000 1.531077 -0.842650 -0.042064
7.130000 1.521651 -0.942571 -0.047037
7.140000 1.511226 -1.042450 -0.051996
7.150000 1.499804 -1.142273 -0.056937
7.160000 1.487383 -1.242021 -0.061854
7.170000 1.473967 -1.341673 -0.066740
7.180000 1.459555 -1.441205 -0.071588
7.190000 1.444149 -1.540587 -0.076389
7.200000 1.427751 -1.639786 -0.081132
7.210000 1.410363 -1.738764 -0.085806
7.220000 1.391988 -1.837480 -0.090399
7.230000 1.372630 -1.935886 -0.094896
7.240000 1.352290 -2.033929 -0.099281
7.250000 1.330975 -2.131551 -0.103538
7.260000 1.308688 -2.228689 -0.107648
7.270000 1.285435 -2.325274 -0.111591
7.280000 1.261223 -2.421230 -0.115347
7.290000 1.236058 -2.516476 -0.118893
7.300000 1.209949 -2.610926 -0.122206
7.310000 1.182904 -2.704486 -0.125261
7.320000 1.154933 -2.797056 -0.128032
7.330000 1.126048 -2.888533 -0.130494
7.340000 1.096260 -2.978805 -0.132620
7.350000 1.065582 -3.067756 -0.134384
7.360000 1.034030 -3.155263 -0.135758
7.370000 1.001618 -3.241199 -0.136716
7.380000 0.968364 -3.325434 -0.137232
7.390000 0.934285 -3.407830 -0.137282
7.400000 0.899403 -3.488247 -0.136843
7.410000 0.863737 -3.566543 -0.135893
7.420000 0.827312 -3.642570 -0.134413
7.430000 0.790150 -3.716182 -0.132386
7.440000 0.752278 -3.787228 -0.129799
7.450000 0.713722 -3.855558 -0.126642
7.460000 0.674512 -3.921023 -0.122909
7.470000 0.634677 -3.983475 -0.118597
7.480000 0.594249 -4.042766 -0.113710
7.490000 0.553262 -4.098755 -0.108254
7.500000 0.511749 -4.151302 -0.102242
7.510000 0.469746 -4.200272 -0.095691
7.520000 0.427291 -4.245538 -0.088623
7.530000 0.384421 -4.286979 -0.081065
7.540000 0.341176 -4.324481 -0.073051
7.550000 0.297597 -4.357940 -0.064618
7.560000 0.253724 -4.387263 -0.055807
7.570000 0.209600 -4.412364 -0.046665
7.580000 0.165269 -4.433171 -0.037241
7.590000 0.120772 -4.449622 -0.027589
7.600000 0.076156 -4.461670 -0.017765
7.610000 0.031463 -4.469278 -0.007826
7.620000 -0.013261 -4.472424 0.002169
7.630000 -0.057972 -4.471098 0.012159
7.640000 -0.102625 -4.465304 0.022084
7.650000 -0.147176 -4.455060 0.031887
7.660000 -0.191580 -4.440395 0.041508
7.670000 -0.235793 -4.421354 0.050893
7.680000 -0.279773 -4.397993 0.059989
7.690000 -0.323477 -4.370379 0.068747
7.700000 -0.366863 -4.338592 0.077121
7.710000 -0.409890 -4.302724 0.085069
7.720000 -0.452519 -4.262873 0.092556
7.730000 -0.494710 -4.219149 0.099549
7.740000 -0.536427 -4.171672 0.106021
7.750000 -0.577633 -4.120565 0.111952
7.760000 -0.618292 -4.065961 0.117324
7.770000 -0.658372 -4.007996 0.122126
7.780000 -0.697841 -3.946813 0.126351
7.790000 -0.736666 -3.882557 0.129999
7.800000 -0.774820 -3.815375 0.133071
7.810000 -0.812274 -3.745416 0.135573
7.820000 -0.849002 -3.672830 0.137518
7.830000 -0.884980 -3.597768 0.138918
7.840000 -0.920184 -3.520378 0.139791
7.850000 -0.954592 -3.440807 0.140157
7.860000 -0.988184 -3.359199 0.140036
7.870000 -1.020941 -3.275696 0.139452
7.880000 -1.052845 -3.190436 0.138431
7.890000 -1.083881 -3.103553 0.136997
7.900000 -1.114032 -3.015175 0.135178
7.910000 -1.143287 -2.925426 0.133001
7.920000 -1.171631 -2.834426 0.130491
7.930000 -1.199054 -2.742287 0.127676
7.940000 -1.225545 -2.649118 0.124581
7.950000 -1.251095 -2.555019 0.121232
7.960000 -1.275696 -2.460086 0.117653
7.970000 -1.299340 -2.364409 0.113868
7.980000 -1.322021 -2.268070 0.109899
7.990000 -1.343732 -2.171149 0.105765
8.000000 -1.364469 -2.073716 0.101488
8.010000 -1.384228 -1.975837 0.097086
8.020000 -1.403004 -1.877572 0.092574
8.030000 -1.420793 -1.778977 0.087968
8.040000 -1.437594 -1.680100 0.083283
8.050000 -1.453404 -1.580985 0.078531
8.060000 -1.468221 -1.481674 0.073722
8.070000 -1.482043 -1.382199 0.068868
8.080000 -1.494869 -1.282593 0.063977
8.090000 -1.506698 -1.182881 0.059056
8.100000 -1.517529 -1.083086 0.054112
8.110000 -1.527361 -0.983228 0.049150
8.120000 -1.536194 -0.883323 0.044175
8.130000 -1.544028 -0.783382 0.039191
8.140000 -1.550862 -0.683418 0.034201
8.150000 -1.556696 -0.583438 0.029206
8.160000 -1.561531 -0.483448 0.024208
8.170000 -1.565365 -0.383452 0.019209
8.180000 -1.568200 -0.283454 0.014209
8.190000 -1.570034 -0.183454 0.009209
8.200000 -1.570869 -0.083454 0.004209
8.210000 -1.570704 0.016546 -0.000791
8.220000 -1.569538 0.116546 -0.005791
8.230000 -1.567373 0.216546 -0.010791
8.240000 -1.564207 0.316545 -0.015790
8.250000 -1.560042 0.416543 -0.020789
8.260000 -1.554876 0.516537 -0.025787
8.270000 -1.548711 0.616525 -0.030782
8.280000 -1.541546 0.716500 -0.035774
8.290000 -1.533382 0.816457 -0.040759
8.300000 -1.524218 0.916387 -0.045735
8.310000 -1.514055 1.016279 -0.050698
8.320000 -1.502894 1.116118 -0.055644
8.330000 -1.490735 1.215888 -0.060568
8.340000 -1.477579 1.315567 -0.065463
8.350000 -1.463428 1.415133 -0.070322
8.360000 -1.448282 1.514557 -0.075136
8.370000 -1.432144 1.613808 -0.079895
8.380000 -1.415016 1.712848 -0.084589
8.390000 -1.396899 1.811637 -0.089204
8.400000 -1.377798 1.910129 -0.093727
8.410000 -1.357715 2.008272 -0.098143
8.420000 -1.336655 2.106011 -0.102435
8.430000 -1.314622 2.203282 -0.106586
8.440000 -1.291622 2.300019 -0.110575
8.450000 -1.267661 2.396147 -0.114382
8.460000 -1.242745 2.491588 -0.117986
8.470000 -1.216882 2.586255 -0.121362
8.480000 -1.190082 2.680057 -0.124487
8.490000 -1.162353 2.772897 -0.127335
8.500000 -1.133706 2.864671 -0.129880
8.510000 -1.104153 2.955270 -0.132097
8.520000 -1.073708 3.044578 -0.133958
8.530000 -1.042383 3.132476 -0.135437
8.540000 -1.010194 3.218836 -0.136506
8.550000 -0.977159 3.303530 -0.137141
8.560000 -0.943295 3.386421 -0.137315
8.570000 -0.908621 3.467371 -0.137007
8.580000 -0.873159 3.546236 -0.136192
8.590000 -0.836930 3.622873 -0.134853
8.600000 -0.799959 3.697132 -0.132971
8.610000 -0.762270 3.768864 -0.130532
8.620000 -0.723891 3.837921 -0.127525
8.630000 -0.684849 3.904152 -0.123943
8.640000 -0.645175 3.967407 -0.119783
8.650000 -0.604900 4.027541 -0.115046
8.660000 -0.564056 4.084409 -0.109739
8.670000 -0.522677 4.137871 -0.103871
8.680000 -0.480799 4.187791 -0.097459
8.690000 -0.438459 4.234040 -0.090524
8.700000 -0.395694 4.276494 -0.083091
8.710000 -0.352544 4.315039 -0.075194
8.720000 -0.309048 4.349568 -0.066866
8.730000 -0.265248 4.379983 -0.058150
8.740000 -0.221186 4.406198 -0.049090
8.750000 -0.176905 4.428136 -0.039735
8.760000 -0.132447 4.445735 -0.030138
8.770000 -0.087858 4.458941 -0.020353
8.780000 -0.043181 4.467715 -0.010438
8.790000 0.001540 4.472032 -0.000453
8.800000 0.046258 4.471878 0.009544
8.810000 0.090931 4.467254 0.019493
8.820000 0.135513 4.458173 0.029333
8.830000 0.179959 4.444664 0.039007
8.840000 0.224227 4.426765 0.048459
8.850000 0.268272 4.404529 0.057636
8.860000 0.312052 4.378023 0.066487
8.870000 0.355526 4.347322 0.074966
8.880000 0.398651 4.312513 0.083029
8.890000 0.441388 4.273696 0.090640
8.900000 0.483697 4.230976 0.097765
8.910000 0.525542 4.184471 0.104377
8.920000 0.566885 4.134302 0.110451
8.930000 0.607691 4.080602 0.115971
8.940000 0.647926 4.023504 0.120923
8.950000 0.687558 3.963151 0.125300
8.960000 0.726555 3.899686 0.129099
8.970000 0.764887 3.833256 0.132321
8.980000 0.802527 3.764010 0.134972
8.990000 0.839448 3.692099 0.137062
9.000000 0.875625 3.617672 0.138603
9.010000 0.911034 3.540877 0.139613
9.020000 0.945652 3.461863 0.140109
9.030000 0.979460 3.380775 0.140113
9.040000 1.012438 3.297756 0.139648
9.050000 1.044567 3.212943 0.138739
9.060000 1.075832 3.126473 0.137411
9.070000 1.106217 3.038474 0.135691
9.080000 1.135707 2.949073 0.133604
9.090000 1.164291 2.858390 0.131179
9.100000 1.191957 2.766539 0.128442
9.110000 1.218693 2.673629 0.125418
9.120000 1.244491 2.579765 0.122133
9.130000 1.269341 2.485041 0.118612
9.140000 1.293236 2.389551 0.114879
9.150000 1.316170 2.293378 0.110956
9.160000 1.338136 2.196602 0.106863
9.170000 1.359129 2.099297 0.102622
9.180000 1.379145 2.001528 0.098251
9.190000 1.398178 1.903359 0.093766
9.200000 1.416227 1.804845 0.089183
9.210000 1.433287 1.706038 0.084518
9.220000 1.449357 1.606982 0.079782
9.230000 1.464434 1.507718 0.074987
9.240000 1.478517 1.408283 0.070144
9.250000 1.491604 1.308709 0.065262
9.260000 1.503694 1.209022 0.060348
9.270000 1.514787 1.109247 0.055410
9.280000 1.524881 1.009404 0.050452
9.290000 1.533976 0.909509 0.045480
9.300000 1.542071 0.809577 0.040498
9.310000 1.549168 0.709618 0.035509
9.320000 1.555264 0.609642 0.030515
9.330000 1.560361 0.509654 0.025518
9.340000 1.564457 0.409659 0.020519
9.350000 1.567554 0.309661 0.015520
9.360000 1.569650 0.209662 0.010520
9.370000 1.570747 0.109662 0.005520
9.380000 1.570844 0.009662 0.000520
9.390000 1.569940 -0.090338 -0.004480
9.400000 1.568037 -0.190338 -0.009480
9.410000 1.565134 -0.290338 -0.014480
9.420000 1.561230 -0.390336 -0.019479
9.430000 1.556327 -0.490332 -0.024477
9.440000 1.550424 -0.590321 -0.029474
9.450000 1.543521 -0.690300 -0.034466
9.460000 1.535618 -0.790263 -0.039453
9.470000 1.526716 -0.890201 -0.044432
9.480000 1.516815 -0.990104 -0.049399
9.490000 1.505915 -1.089958 -0.054350
9.500000 1.494018 -1.189748 -0.059280
9.510000 1.481123 -1.289453 -0.064184
9.520000 1.467233 -1.389052 -0.069053
9.530000 1.452348 -1.488516 -0.073879
9.540000 1.436470 -1.587815 -0.078654
9.550000 1.419600 -1.686914 -0.083366
9.560000 1.401743 -1.785774 -0.088003
9.570000 1.382899 -1.884348 -0.092551
9.580000 1.363073 -1.982588 -0.096997
9.590000 1.342269 -2.080438 -0.101323
9.600000 1.320490 -2.177838 -0.105513
9.610000 1.297743 -2.274722 -0.109546
9.620000 1.274033 -2.371017 -0.113403
9.630000 1.249367 -2.466646 -0.117062
9.640000 1.223751 -2.561524 -0.120500
9.650000 1.197196 -2.655563 -0.123693
9.660000 1.169709 -2.748665 -0.126616
9.670000 1.141302 -2.840728 -0.129244
9.680000 1.111985 -2.931646 -0.131549
9.690000 1.081772 -3.021304 -0.133506
9.700000 1.050677 -3.109583 -0.135088
9.710000 1.018713 -3.196359 -0.136267
9.720000 0.985898 -3.281502 -0.137018
9.730000 0.952249 -3.364879 -0.137316
9.740000 0.917786 -3.446351 -0.137136
9.750000 0.882528 -3.525777 -0.136456
9.760000 0.846498 -3.603012 -0.135256
9.770000 0.809719 -3.677908 -0.133517
9.780000 0.772215 -3.750318 -0.131225
9.790000 0.734015 -3.820090 -0.128368
9.800000 0.695144 -3.887076 -0.124938
9.810000 0.655633 -3.951125 -0.120929
9.820000 0.615512 -4.012091 -0.116343
9.830000 0.574813 -4.069829 -0.111184
9.840000 0.533571 -4.124197 -0.105462
9.850000 0.491821 -4.175058 -0.099191
9.860000 0.449598 -4.222281 -0.092390
9.870000 0.406941 -4.265741 -0.085086
9.880000 0.363887 -4.305322 -0.077307
9.890000 0.320478 -4.340913 -0.069088
9.900000 0.276754 -4.372415 -0.060469
9.910000 0.232757 -4.399738 -0.051495
9.920000 0.188529 -4.422804 -0.042212
9.930000 0.144113 -4.441546 -0.032673
9.940000 0.099554 -4.455907 -0.022932
9.950000 0.054896 -4.465846 -0.013046
9.960000 0.010182 -4.471333 -0.003073
9.970000 -0.034541 -4.472351 0.006927
9.980000 -0.079230 -4.468898 0.016893
9.990000 -0.123840 -4.460983 0.026768
10.000000 -0.168326 -4.448630 0.036491
