0.000000 0.524600 0.000000 -8.655244
0.010000 0.524099 -0.050087 -8.656497
0.020000 0.523098 -0.100130 -8.657745
0.030000 0.521597 -0.150087 -8.658983
0.040000 0.519598 -0.199913 -8.660207
0.050000 0.517102 -0.249566 -8.661412
0.060000 0.514112 -0.299003 -8.662596
0.070000 0.510630 -0.348179 -8.663752
0.080000 0.506660 -0.397052 -8.664877
0.090000 0.502204 -0.445577 -8.665968
0.100000 0.497267 -0.493713 -8.667019
0.110000 0.491853 -0.541416 -8.668028
0.120000 0.485966 -0.588642 -8.668991
0.130000 0.479613 -0.635348 -8.669903
0.140000 0.472798 -0.681492 -8.670761
0.150000 0.465528 -0.727030 -8.671562
0.160000 0.457808 -0.771919 -8.672303
0.170000 0.449647 -0.816117 -8.672981
0.180000 0.441051 -0.859582 -8.673592
0.190000 0.432029 -0.902271 -8.674135
0.200000 0.422587 -0.944143 -8.674606
0.210000 0.412736 -0.985155 -8.675004
0.220000 0.402483 -1.025266 -8.675326
0.230000 0.391839 -1.064437 -8.675571
0.240000 0.380812 -1.102626 -8.675738
0.250000 0.369415 -1.139793 -8.675825
0.260000 0.357656 -1.175900 -8.675831
0.270000 0.345546 -1.210908 -8.675756
0.280000 0.333099 -1.244779 -8.675599
0.290000 0.320324 -1.277477 -8.675362
0.300000 0.307234 -1.308964 -8.675043
0.310000 0.293842 -1.339206 -8.674644
0.320000 0.280161 -1.368169 -8.674167
0.330000 0.266202 -1.395820 -8.673612
0.340000 0.251981 -1.422127 -8.672981
0.350000 0.237510 -1.447060 -8.672276
0.360000 0.222805 -1.470588 -8.671501
0.370000 0.207878 -1.492685 -8.670658
0.380000 0.192744 -1.513323 -8.669749
0.390000 0.177420 -1.532478 -8.668779
0.400000 0.161918 -1.550127 -8.667751
0.410000 0.146256 -1.566249 -8.666669
0.420000 0.130448 -1.580822 -8.665538
0.430000 0.114509 -1.593830 -8.664363
0.440000 0.098457 -1.605256 -8.663147
0.450000 0.082306 -1.615086 -8.661897
0.460000 0.066073 -1.623307 -8.660617
0.470000 0.049774 -1.629909 -8.659313
0.480000 0.033425 -1.634885 -8.657990
0.490000 0.017043 -1.638227 -8.656655
0.500000 0.000643 -1.639931 -8.655311
0.510000 -0.015757 -1.639995 -8.653967
0.520000 -0.032141 -1.638420 -8.652626
0.530000 -0.048493 -1.635206 -8.651295
0.540000 -0.064796 -1.630359 -8.649980
0.550000 -0.081035 -1.623884 -8.648686
0.560000 -0.097193 -1.615789 -8.647418
0.570000 -0.113254 -1.606085 -8.646182
0.580000 -0.129202 -1.594784 -8.644983
0.590000 -0.145021 -1.581899 -8.643826
0.600000 -0.160695 -1.567448 -8.642716
0.610000 -0.176210 -1.551448 -8.641657
0.620000 -0.191549 -1.533918 -8.640653
0.630000 -0.206698 -1.514880 -8.639709
0.640000 -0.221641 -1.494357 -8.638828
0.650000 -0.236365 -1.472374 -8.638014
0.660000 -0.250855 -1.448957 -8.637269
0.670000 -0.265096 -1.424134 -8.636596
0.680000 -0.279075 -1.397933 -8.635997
0.690000 -0.292779 -1.370387 -8.635475
0.700000 -0.306194 -1.341525 -8.635031
0.710000 -0.319308 -1.311382 -8.634667
0.720000 -0.332108 -1.279991 -8.634383
0.730000 -0.344582 -1.247387 -8.634180
0.740000 -0.356718 -1.213607 -8.634058
0.750000 -0.368505 -1.178687 -8.634018
0.760000 -0.379932 -1.142665 -8.634059
0.770000 -0.390987 -1.105579 -8.634180
0.780000 -0.401662 -1.067469 -8.634380
0.790000 -0.411946 -1.028374 -8.634658
0.800000 -0.421829 -0.988335 -8.635013
0.810000 -0.431303 -0.947392 -8.635442
0.820000 -0.440359 -0.905586 -8.635944
0.830000 -0.448989 -0.862960 -8.636516
0.840000 -0.457184 -0.819555 -8.637156
0.850000 -0.464938 -0.775412 -8.637861
0.860000 -0.472244 -0.730575 -8.638628
0.870000 -0.479095 -0.685087 -8.639454
0.880000 -0.485485 -0.638989 -8.640335
0.890000 -0.491408 -0.592326 -8.641269
0.900000 -0.496859 -0.545139 -8.642251
0.910000 -0.501834 -0.497472 -8.643279
0.920000 -0.506328 -0.449369 -8.644347
0.930000 -0.510336 -0.400872 -8.645453
0.940000 -0.513857 -0.352025 -8.646592
0.950000 -0.516885 -0.302871 -8.647760
0.960000 -0.519420 -0.253453 -8.648953
0.970000 -0.521458 -0.203816 -8.650167
0.980000 -0.522998 -0.154001 -8.651398
0.990000 -0.524039 -0.104053 -8.652640
1.000000 -0.524579 -0.054015 -8.653891
1.010000 -0.524618 -0.003930 -8.655145
1.020000 -0.524157 0.046158 -8.656399
1.030000 -0.523194 0.096206 -8.657647
1.040000 -0.521733 0.146171 -8.658886
1.050000 -0.519773 0.196010 -8.660111
1.060000 -0.517316 0.245678 -8.661319
1.070000 -0.514365 0.295133 -8.662504
1.080000 -0.510921 0.344331 -8.663662
1.090000 -0.506989 0.393229 -8.664790
1.100000 -0.502571 0.441784 -8.665884
1.110000 -0.497672 0.489952 -8.666938
1.120000 -0.492295 0.537690 -8.667951
1.130000 -0.486445 0.584955 -8.668917
1.140000 -0.480128 0.631704 -8.669833
1.150000 -0.473349 0.677893 -8.670696
1.160000 -0.466114 0.723480 -8.671501
1.170000 -0.458430 0.768422 -8.672247
1.180000 -0.450303 0.812676 -8.672930
1.190000 -0.441741 0.856200 -8.673547
1.200000 -0.432752 0.898951 -8.674095
1.210000 -0.423343 0.940888 -8.674572
1.220000 -0.413523 0.981969 -8.674975
1.230000 -0.403302 1.022153 -8.675304
1.240000 -0.392688 1.061399 -8.675555
1.250000 -0.381691 1.099666 -8.675728
1.260000 -0.370322 1.136915 -8.675821
1.270000 -0.358591 1.173107 -8.675833
1.280000 -0.346509 1.208202 -8.675765
1.290000 -0.334087 1.242164 -8.675615
1.300000 -0.321338 1.274954 -8.675383
1.310000 -0.308272 1.306538 -8.675071
1.320000 -0.294904 1.336879 -8.674679
1.330000 -0.281244 1.365944 -8.674207
1.340000 -0.267307 1.393699 -8.673658
1.350000 -0.253106 1.420113 -8.673033
1.360000 -0.238654 1.445154 -8.672334
1.370000 -0.223967 1.468794 -8.671564
1.380000 -0.209056 1.491003 -8.670726
1.390000 -0.193939 1.511757 -8.669822
1.400000 -0.178629 1.531030 -8.668857
1.410000 -0.163141 1.548798 -8.667833
1.420000 -0.147490 1.565039 -8.666756
1.430000 -0.131693 1.579735 -8.665629
1.440000 -0.115764 1.592866 -8.664456
1.450000 -0.099720 1.604417 -8.663244
1.460000 -0.083576 1.614372 -8.661996
1.470000 -0.067349 1.622720 -8.660718
1.480000 -0.051055 1.629450 -8.659416
1.490000 -0.034709 1.634553 -8.658095
1.500000 -0.018329 1.638024 -8.656760
1.510000 -0.001930 1.639856 -8.655417
1.520000 0.014470 1.640049 -8.654072
1.530000 0.030856 1.638602 -8.652731
1.540000 0.047211 1.635517 -8.651399
1.550000 0.063519 1.630798 -8.650082
1.560000 0.079764 1.624450 -8.648786
1.570000 0.095929 1.616482 -8.647516
1.580000 0.111998 1.606904 -8.646278
1.590000 0.127955 1.595728 -8.645076
1.600000 0.143785 1.582967 -8.643915
1.610000 0.159471 1.568638 -8.642801
1.620000 0.174999 1.552759 -8.641738
1.630000 0.190352 1.535348 -8.640730
1.640000 0.205516 1.516427 -8.639781
1.650000 0.220477 1.496020 -8.638895
1.660000 0.235218 1.474151 -8.638075
1.670000 0.249727 1.450845 -8.637324
1.680000 0.263988 1.426131 -8.636646
1.690000 0.277988 1.400038 -8.636041
1.700000 0.291714 1.372596 -8.635513
1.710000 0.305153 1.343836 -8.635063
1.720000 0.318291 1.313793 -8.634692
1.730000 0.331115 1.282498 -8.634402
1.740000 0.343615 1.249988 -8.634193
1.750000 0.355778 1.216299 -8.634065
1.760000 0.367593 1.181467 -8.634018
1.770000 0.379048 1.145530 -8.634053
1.780000 0.390134 1.108526 -8.634167
1.790000 0.400839 1.070495 -8.634361
1.800000 0.411153 1.031476 -8.634633
1.810000 0.421068 0.991509 -8.634982
1.820000 0.430575 0.950636 -8.635406
1.830000 0.439664 0.908897 -8.635902
1.840000 0.448327 0.866333 -8.636469
1.850000 0.456557 0.822987 -8.637103
1.860000 0.464346 0.778901 -8.637803
1.870000 0.471687 0.734117 -8.638565
1.880000 0.478574 0.688678 -8.639387
1.890000 0.485000 0.642627 -8.640264
1.900000 0.490960 0.596006 -8.641194
1.910000 0.496449 0.548859 -8.642172
1.920000 0.501461 0.501228 -8.643196
1.930000 0.505993 0.453158 -8.644262
1.940000 0.510040 0.404690 -8.645365
1.950000 0.513598 0.355869 -8.646501
1.960000 0.516666 0.306737 -8.647667
1.970000 0.519239 0.257339 -8.648859
1.980000 0.521316 0.207717 -8.650071
1.990000 0.522895 0.157915 -8.651301
2.000000 0.523975 0.107976 -8.652542
2.010000 0.524555 0.057943 -8.653793
2.020000 0.524633 0.007860 -8.655047
2.030000 0.524211 -0.042229 -8.656300
2.040000 0.523288 -0.092282 -8.657549
2.050000 0.521865 -0.142255 -8.658789
2.060000 0.519944 -0.192105 -8.660016
2.070000 0.517527 -0.241788 -8.661225
2.080000 0.514614 -0.291261 -8.662412
2.090000 0.511209 -0.340481 -8.663572
2.100000 0.507315 -0.389405 -8.664703
2.110000 0.502935 -0.437988 -8.665799
2.120000 0.498073 -0.486188 -8.666857
2.130000 0.492734 -0.533961 -8.667873
2.140000 0.486921 -0.581265 -8.668843
2.150000 0.480640 -0.628055 -8.669763
2.160000 0.473898 -0.674290 -8.670630
2.170000 0.466698 -0.719926 -8.671440
2.180000 0.459049 -0.764920 -8.672191
2.190000 0.450957 -0.809230 -8.672879
2.200000 0.442429 -0.852812 -8.673501
2.210000 0.433472 -0.895626 -8.674054
2.220000 0.424096 -0.937628 -8.674537
2.230000 0.414308 -0.978778 -8.674946
2.240000 0.404118 -1.019034 -8.675281
2.250000 0.393535 -1.058354 -8.675538
2.260000 0.382568 -1.096700 -8.675717
2.270000 0.371227 -1.134030 -8.675816
2.280000 0.359524 -1.170306 -8.675835
2.290000 0.347469 -1.205489 -8.675773
2.300000 0.335074 -1.239541 -8.675629
2.310000 0.322350 -1.272425 -8.675404
2.320000 0.309309 -1.304105 -8.675098
2.330000 0.295963 -1.334545 -8.674712
2.340000 0.282326 -1.363711 -8.674247
2.350000 0.268410 -1.391570 -8.673704
2.360000 0.254229 -1.418090 -8.673085
2.370000 0.239797 -1.443240 -8.672392
2.380000 0.225127 -1.466990 -8.671627
2.390000 0.210234 -1.489313 -8.670794
2.400000 0.195132 -1.510182 -8.669896
2.410000 0.179836 -1.529572 -8.668935
2.420000 0.164362 -1.547459 -8.667916
2.430000 0.148724 -1.563821 -8.666842
2.440000 0.132937 -1.578638 -8.665719
2.450000 0.117018 -1.591893 -8.664550
2.460000 0.100983 -1.603568 -8.663340
2.470000 0.084846 -1.613649 -8.662095
2.480000 0.068625 -1.622124 -8.660820
2.490000 0.052335 -1.628981 -8.659519
2.500000 0.035993 -1.634212 -8.658199
2.510000 0.019615 -1.637810 -8.656865
2.520000 0.003217 -1.639772 -8.655522
2.530000 -0.013184 -1.640094 -8.654178
2.540000 -0.029572 -1.638775 -8.652836
2.550000 -0.045930 -1.635818 -8.651503
2.560000 -0.062242 -1.631227 -8.650185
2.570000 -0.078492 -1.625007 -8.648887
2.580000 -0.094664 -1.617166 -8.647615
2.590000 -0.110741 -1.607714 -8.646374
2.600000 -0.126707 -1.596662 -8.645169
2.610000 -0.142548 -1.584025 -8.644005
2.620000 -0.158246 -1.569819 -8.642887
2.630000 -0.173787 -1.554060 -8.641820
2.640000 -0.189154 -1.536769 -8.640807
2.650000 -0.204334 -1.517966 -8.639853
2.660000 -0.219311 -1.497674 -8.638962
2.670000 -0.234070 -1.475919 -8.638137
2.680000 -0.248597 -1.452725 -8.637381
2.690000 -0.262878 -1.428121 -8.636696
2.700000 -0.276900 -1.402134 -8.636086
2.710000 -0.290648 -1.374797 -8.635552
2.720000 -0.304109 -1.346140 -8.635096
2.730000 -0.317271 -1.316195 -8.634719
2.740000 -0.330121 -1.284998 -8.634422
2.750000 -0.342647 -1.252582 -8.634206
2.760000 -0.354837 -1.218984 -8.634072
2.770000 -0.366679 -1.184240 -8.634019
2.780000 -0.378163 -1.148389 -8.634047
2.790000 -0.389278 -1.111467 -8.634155
2.800000 -0.400013 -1.073515 -8.634343
2.810000 -0.410358 -1.034572 -8.634609
2.820000 -0.420305 -0.994678 -8.634952
2.830000 -0.429844 -0.953875 -8.635370
2.840000 -0.438966 -0.912202 -8.635860
2.850000 -0.447663 -0.869701 -8.636422
2.860000 -0.455927 -0.826415 -8.637051
2.870000 -0.463751 -0.782386 -8.637746
2.880000 -0.471127 -0.737655 -8.638503
2.890000 -0.478050 -0.692266 -8.639320
2.900000 -0.484513 -0.646261 -8.640193
2.910000 -0.490510 -0.599683 -8.641119
2.920000 -0.496035 -0.552576 -8.642094
2.930000 -0.501085 -0.504982 -8.643115
2.940000 -0.505655 -0.456944 -8.644177
2.950000 -0.509740 -0.408506 -8.645277
2.960000 -0.513337 -0.359711 -8.646411
2.970000 -0.516443 -0.310602 -8.647575
2.980000 -0.519055 -0.261223 -8.648764
2.990000 -0.521171 -0.211617 -8.649975
3.000000 -0.522789 -0.161828 -8.651204
3.010000 -0.523908 -0.111898 -8.652445
3.020000 -0.524527 -0.061871 -8.653694
3.030000 -0.524645 -0.011791 -8.654948
3.040000 -0.524262 0.038300 -8.656202
3.050000 -0.523379 0.088358 -8.657452
3.060000 -0.521995 0.138338 -8.658692
3.070000 -0.520113 0.188199 -8.659920
3.080000 -0.517734 0.237897 -8.661131
3.090000 -0.514860 0.287389 -8.662319
3.100000 -0.511494 0.336630 -8.663482
3.110000 -0.507638 0.385578 -8.664615
3.120000 -0.503296 0.434189 -8.665714
3.130000 -0.498472 0.482421 -8.666776
3.140000 -0.493170 0.530229 -8.667795
3.150000 -0.487394 0.577571 -8.668768
3.160000 -0.481150 0.624404 -8.669693
3.170000 -0.474443 0.670684 -8.670564
3.180000 -0.467280 0.716368 -8.671379
3.190000 -0.459665 0.761414 -8.672134
3.200000 -0.451608 0.805779 -8.672827
3.210000 -0.443113 0.849420 -8.673454
3.220000 -0.434190 0.892296 -8.674013
3.230000 -0.424847 0.934363 -8.674502
3.240000 -0.415091 0.975581 -8.674917
3.250000 -0.404932 1.015909 -8.675257
3.260000 -0.394379 1.055304 -8.675521
3.270000 -0.383442 1.093728 -8.675706
3.280000 -0.372130 1.131139 -8.675811
3.290000 -0.360455 1.167499 -8.675837
3.300000 -0.348428 1.202769 -8.675781
3.310000 -0.336058 1.236911 -8.675643
3.320000 -0.323360 1.269888 -8.675425
3.330000 -0.310343 1.301663 -8.675125
3.340000 -0.297021 1.332202 -8.674745
3.350000 -0.283406 1.361469 -8.674286
3.360000 -0.269512 1.389432 -8.673749
3.370000 -0.255351 1.416058 -8.673136
3.380000 -0.240938 1.441317 -8.672449
3.390000 -0.226286 1.465178 -8.671690
3.400000 -0.211410 1.487614 -8.670862
3.410000 -0.196324 1.508598 -8.669968
3.420000 -0.181043 1.528104 -8.669012
3.430000 -0.165582 1.546110 -8.667998
3.440000 -0.149956 1.562593 -8.666928
3.450000 -0.134181 1.577532 -8.665809
3.460000 -0.118272 1.590910 -8.664643
3.470000 -0.102245 1.602710 -8.663437
3.480000 -0.086115 1.612916 -8.662194
3.490000 -0.069900 1.621517 -8.660921
3.500000 -0.053615 1.628502 -8.659622
3.510000 -0.037277 1.633860 -8.658303
3.520000 -0.020901 1.637587 -8.656970
3.530000 -0.004504 1.639677 -8.655628
3.540000 0.011897 1.640128 -8.654283
3.550000 0.028287 1.638938 -8.652941
3.560000 0.044648 1.636110 -8.651607
3.570000 0.060964 1.631646 -8.650288
3.580000 0.077220 1.625554 -8.648988
3.590000 0.093398 1.617839 -8.647714
3.600000 0.109483 1.608513 -8.646470
3.610000 0.125459 1.597587 -8.645262
3.620000 0.141310 1.585074 -8.644094
3.630000 0.157020 1.570990 -8.642973
3.640000 0.172573 1.555352 -8.641901
3.650000 0.187955 1.538180 -8.640884
3.660000 0.203150 1.519495 -8.639926
3.670000 0.218143 1.499320 -8.639030
3.680000 0.232920 1.477678 -8.638199
3.690000 0.247466 1.454596 -8.637438
3.700000 0.261767 1.430101 -8.636747
3.710000 0.275809 1.404222 -8.636131
3.720000 0.289579 1.376990 -8.635591
3.730000 0.303063 1.348435 -8.635128
3.740000 0.316249 1.318590 -8.634745
3.750000 0.329124 1.287490 -8.634442
3.760000 0.341676 1.255169 -8.634220
3.770000 0.353893 1.221662 -8.634080
3.780000 0.365763 1.187007 -8.634020
3.790000 0.377275 1.151241 -8.634042
3.800000 0.388419 1.114402 -8.634144
3.810000 0.399184 1.076529 -8.634326
3.820000 0.409561 1.037662 -8.634586
3.830000 0.419539 0.997842 -8.634922
3.840000 0.429110 0.957108 -8.635334
3.850000 0.438265 0.915502 -8.635819
3.860000 0.446996 0.873065 -8.636375
3.870000 0.455295 0.829839 -8.636999
3.880000 0.463153 0.785866 -8.637689
3.890000 0.470565 0.741189 -8.638442
3.900000 0.477524 0.695850 -8.639254
3.910000 0.484022 0.649892 -8.640123
3.920000 0.490056 0.603357 -8.641045
3.930000 0.495619 0.556290 -8.642016
3.940000 0.500706 0.508732 -8.643033
3.950000 0.505314 0.460728 -8.644092
3.960000 0.509437 0.412320 -8.645190
3.970000 0.513072 0.363551 -8.646321
3.980000 0.516217 0.314465 -8.647483
3.990000 0.518868 0.265106 -8.648670
4.000000 0.521023 0.215516 -8.649880
4.010000 0.522681 0.165740 -8.651107
4.020000 0.523839 0.115819 -8.652347
4.030000 0.524497 0.065798 -8.653596
4.040000 0.524654 0.015721 -8.654850
4.050000 0.524310 -0.034371 -8.656104
4.060000 0.523466 -0.084432 -8.657354
4.070000 0.522122 -0.134421 -8.658595
4.080000 0.520279 -0.184293 -8.659824
4.090000 0.517939 -0.234005 -8.661036
4.100000 0.515104 -0.283514 -8.662227
4.110000 0.511776 -0.332777 -8.663392
4.120000 0.507958 -0.381749 -8.664528
4.130000 0.503654 -0.430389 -8.665630
4.140000 0.498868 -0.478652 -8.666694
4.150000 0.493603 -0.526495 -8.667716
4.160000 0.487864 -0.573875 -8.668694
4.170000 0.481657 -0.620749 -8.669622
4.180000 0.474986 -0.667074 -8.670498
4.190000 0.467858 -0.712806 -8.671317
4.200000 0.460279 -0.757904 -8.672077
4.210000 0.452256 -0.802324 -8.672775
4.220000 0.443795 -0.846023 -8.673408
4.230000 0.434906 -0.888960 -8.673972
4.240000 0.425595 -0.931093 -8.674466
4.250000 0.415871 -0.972379 -8.674887
4.260000 0.405743 -1.012778 -8.675233
4.270000 0.395221 -1.052248 -8.675503
4.280000 0.384313 -1.090749 -8.675694
4.290000 0.373031 -1.128241 -8.675806
4.300000 0.361384 -1.164685 -8.675837
4.310000 0.349384 -1.200042 -8.675788
4.320000 0.337041 -1.234274 -8.675657
4.330000 0.324367 -1.267344 -8.675445
4.340000 0.311375 -1.299215 -8.675152
4.350000 0.298077 -1.329852 -8.674778
4.360000 0.284485 -1.359220 -8.674325
4.370000 0.270612 -1.387286 -8.673794
4.380000 0.256472 -1.414018 -8.673187
4.390000 0.242078 -1.439385 -8.672505
4.400000 0.227444 -1.463357 -8.671752
4.410000 0.212585 -1.485906 -8.670929
4.420000 0.197515 -1.507005 -8.670041
4.430000 0.182249 -1.526628 -8.669090
4.440000 0.166801 -1.544752 -8.668079
4.450000 0.151188 -1.561355 -8.667014
4.460000 0.135424 -1.576416 -8.665898
4.470000 0.119524 -1.589917 -8.664736
4.480000 0.103506 -1.601841 -8.663533
4.490000 0.087384 -1.612173 -8.662293
4.500000 0.071175 -1.620901 -8.661022
4.510000 0.054895 -1.628012 -8.659725
4.520000 0.038560 -1.633499 -8.658407
4.530000 0.022187 -1.637354 -8.657075
4.540000 0.005791 -1.639572 -8.655733
4.550000 -0.010611 -1.640152 -8.654388
4.560000 -0.027002 -1.639091 -8.653046
4.570000 -0.043366 -1.636391 -8.651711
4.580000 -0.059686 -1.632055 -8.650391
4.590000 -0.075947 -1.626090 -8.649089
4.600000 -0.092132 -1.618503 -8.647812
4.610000 -0.108225 -1.609303 -8.646566
4.620000 -0.124210 -1.598501 -8.645355
4.630000 -0.140071 -1.586112 -8.644184
4.640000 -0.155793 -1.572151 -8.643059
4.650000 -0.171359 -1.556635 -8.641984
4.660000 -0.186755 -1.539583 -8.640962
4.670000 -0.201965 -1.521015 -8.639999
4.680000 -0.216975 -1.500956 -8.639098
4.690000 -0.231769 -1.479428 -8.638262
4.700000 -0.246333 -1.456458 -8.637495
4.710000 -0.260654 -1.432073 -8.636799
4.720000 -0.274717 -1.406302 -8.636177
4.730000 -0.288509 -1.379175 -8.635630
4.740000 -0.302016 -1.350722 -8.635162
4.750000 -0.315226 -1.320978 -8.634772
4.760000 -0.328126 -1.289975 -8.634463
4.770000 -0.340703 -1.257748 -8.634235
4.780000 -0.352946 -1.224333 -8.634088
4.790000 -0.364844 -1.189766 -8.634022
4.800000 -0.376385 -1.154086 -8.634037
4.810000 -0.387558 -1.117330 -8.634133
4.820000 -0.398354 -1.079537 -8.634309
4.830000 -0.408761 -1.040747 -8.634562
4.840000 -0.418771 -1.001000 -8.634893
4.850000 -0.428374 -0.960336 -8.635299
4.860000 -0.437562 -0.918796 -8.635779
4.870000 -0.446327 -0.876423 -8.636329
4.880000 -0.454659 -0.833258 -8.636948
4.890000 -0.462553 -0.789342 -8.637633
4.900000 -0.470000 -0.744719 -8.638381
4.910000 -0.476994 -0.699430 -8.639188
4.920000 -0.483529 -0.653519 -8.640053
4.930000 -0.489600 -0.607028 -8.640970
4.940000 -0.495200 -0.560001 -8.641938
4.950000 -0.500324 -0.512480 -8.642952
4.960000 -0.504970 -0.464509 -8.644008
4.970000 -0.509131 -0.416131 -8.645102
4.980000 -0.512805 -0.367389 -8.646231
4.990000 -0.515988 -0.318327 -8.647391
5.000000 -0.518678 -0.268988 -8.648576
5.010000 -0.520872 -0.219414 -8.649784
5.020000 -0.522569 -0.169651 -8.651010
5.030000 -0.523766 -0.119740 -8.652249
5.040000 -0.524463 -0.069725 -8.653498
5.050000 -0.524660 -0.019651 -8.654751
5.060000 -0.524355 0.030441 -8.656006
5.070000 -0.523550 0.080507 -8.657256
5.080000 -0.522245 0.130503 -8.658498
5.090000 -0.520441 0.180385 -8.659729
5.100000 -0.518140 0.230112 -8.660942
5.110000 -0.515344 0.279638 -8.662134
5.120000 -0.512055 0.328922 -8.663302
5.130000 -0.508275 0.377919 -8.664440
5.140000 -0.504010 0.426586 -8.665544
5.150000 -0.499261 0.474880 -8.666612
5.160000 -0.494033 0.522757 -8.667638
5.170000 -0.488331 0.570175 -8.668619
5.180000 -0.482161 0.617091 -8.669551
5.190000 -0.475526 0.663460 -8.670431
5.200000 -0.468434 0.709241 -8.671255
5.210000 -0.460890 0.754390 -8.672020
5.220000 -0.452901 0.798864 -8.672723
5.230000 -0.444475 0.842622 -8.673360
5.240000 -0.435619 0.885620 -8.673930
5.250000 -0.426340 0.927817 -8.674430
5.260000 -0.416649 0.969171 -8.674857
5.270000 -0.406552 1.009641 -8.675209
5.280000 -0.396060 1.049186 -8.675484
5.290000 -0.385183 1.087764 -8.675682
5.300000 -0.373929 1.125337 -8.675800
5.310000 -0.362311 1.161865 -8.675838
5.320000 -0.350338 1.197309 -8.675795
5.330000 -0.338021 1.231630 -8.675670
5.340000 -0.325373 1.264792 -8.675465
5.350000 -0.312406 1.296758 -8.675178
5.360000 -0.299131 1.327493 -8.674810
5.370000 -0.285561 1.356962 -8.674363
5.380000 -0.271710 1.385132 -8.673839
5.390000 -0.257590 1.411970 -8.673237
5.400000 -0.243216 1.437445 -8.672561
5.410000 -0.228601 1.461527 -8.671814
5.420000 -0.213759 1.484189 -8.670996
5.430000 -0.198705 1.505402 -8.670113
5.440000 -0.183453 1.525142 -8.669166
5.450000 -0.168019 1.543385 -8.668161
5.460000 -0.152418 1.560108 -8.667100
5.470000 -0.136665 1.575291 -8.665988
5.480000 -0.120776 1.588915 -8.664829
5.490000 -0.104767 1.600963 -8.663628
5.500000 -0.088652 1.611421 -8.662391
5.510000 -0.072450 1.620274 -8.661122
5.520000 -0.056175 1.627513 -8.659827
5.530000 -0.039843 1.633127 -8.658511
5.540000 -0.023472 1.637111 -8.657180
5.550000 -0.007078 1.639458 -8.655839
5.560000 0.009324 1.640165 -8.654494
5.570000 0.025716 1.639233 -8.653151
5.580000 0.042083 1.636662 -8.651816
5.590000 0.058408 1.632455 -8.650494
5.600000 0.074674 1.626617 -8.649190
5.610000 0.090865 1.619157 -8.647912
5.620000 0.106966 1.610083 -8.646663
5.630000 0.122960 1.599406 -8.645449
5.640000 0.138832 1.587141 -8.644275
5.650000 0.154565 1.573303 -8.643146
5.660000 0.170144 1.557908 -8.642066
5.670000 0.185553 1.540975 -8.641040
5.680000 0.200779 1.522526 -8.640072
5.690000 0.215805 1.502583 -8.639166
5.700000 0.230616 1.481170 -8.638325
5.710000 0.245199 1.458312 -8.637552
5.720000 0.259540 1.434037 -8.636851
5.730000 0.273623 1.408373 -8.636223
5.740000 0.287437 1.381351 -8.635671
5.750000 0.300967 1.353002 -8.635196
5.760000 0.314201 1.323357 -8.634800
5.770000 0.327125 1.292452 -8.634484
5.780000 0.339728 1.260320 -8.634250
5.790000 0.351998 1.226996 -8.634096
5.800000 0.363923 1.192519 -8.634024
5.810000 0.375493 1.156925 -8.634033
5.820000 0.386695 1.120252 -8.634123
5.830000 0.397521 1.082539 -8.634292
5.840000 0.407959 1.043825 -8.634540
5.850000 0.418000 1.004152 -8.634865
5.860000 0.427636 0.963558 -8.635265
5.870000 0.436857 0.922086 -8.635739
5.880000 0.445655 0.879777 -8.636283
5.890000 0.454021 0.836672 -8.636897
5.900000 0.461949 0.792814 -8.637577
5.910000 0.469432 0.748244 -8.638320
5.920000 0.476462 0.703006 -8.639123
5.930000 0.483033 0.657142 -8.639983
5.940000 0.489140 0.610696 -8.640897
5.950000 0.494777 0.563709 -8.641860
5.960000 0.499940 0.516225 -8.642870
5.970000 0.504623 0.468288 -8.643923
5.980000 0.508822 0.419940 -8.645015
5.990000 0.512534 0.371226 -8.646141
6.000000 0.515756 0.322187 -8.647299
6.010000 0.518485 0.272868 -8.648482
6.020000 0.520718 0.223311 -8.649689
6.030000 0.522453 0.173561 -8.650913
6.040000 0.523690 0.123660 -8.652152
6.050000 0.524427 0.073652 -8.653400
6.060000 0.524662 0.023580 -8.654653
6.070000 0.524397 -0.026512 -8.655907
6.080000 0.523631 -0.076581 -8.657158
6.090000 0.522366 -0.126584 -8.658401
6.100000 0.520601 -0.176477 -8.659633
6.110000 0.518339 -0.226217 -8.660847
6.120000 0.515581 -0.275761 -8.662042
6.130000 0.512330 -0.325065 -8.663211
6.140000 0.508590 -0.374086 -8.664352
6.150000 0.504362 -0.422780 -8.665459
6.160000 0.499651 -0.471105 -8.666529
6.170000 0.494461 -0.519017 -8.667559
6.180000 0.488796 -0.566473 -8.668544
6.190000 0.482662 -0.613429 -8.669480
6.200000 0.476063 -0.659843 -8.670364
6.210000 0.469006 -0.705671 -8.671192
6.220000 0.461498 -0.750871 -8.671962
6.230000 0.453544 -0.795400 -8.672670
6.240000 0.445152 -0.839216 -8.673313
6.250000 0.436329 -0.882275 -8.673888
6.260000 0.427083 -0.924537 -8.674393
6.270000 0.417424 -0.965958 -8.674826
6.280000 0.407359 -1.006499 -8.675184
6.290000 0.396898 -1.046118 -8.675466
6.300000 0.386050 -1.084774 -8.675669
6.310000 0.374826 -1.122427 -8.675794
6.320000 0.363235 -1.159038 -8.675838
6.330000 0.351290 -1.194568 -8.675801
6.340000 0.339000 -1.228979 -8.675683
6.350000 0.326377 -1.262233 -8.675484
6.360000 0.313435 -1.294295 -8.675203
6.370000 0.300183 -1.325127 -8.674842
6.380000 0.286636 -1.354697 -8.674401
6.390000 0.272807 -1.382970 -8.673883
6.400000 0.258707 -1.409913 -8.673287
6.410000 0.244353 -1.435496 -8.672617
6.420000 0.229756 -1.459689 -8.671875
6.430000 0.214931 -1.482463 -8.671063
6.440000 0.199893 -1.503791 -8.670184
6.450000 0.184657 -1.523647 -8.669243
6.460000 0.169237 -1.542008 -8.668242
6.470000 0.153648 -1.558851 -8.667185
6.480000 0.137906 -1.574156 -8.666077
6.490000 0.122027 -1.587903 -8.664921
6.500000 0.106027 -1.600075 -8.663724
6.510000 0.089920 -1.610658 -8.662490
6.520000 0.073724 -1.619638 -8.661223
6.530000 0.057454 -1.627004 -8.659930
6.540000 0.041126 -1.632746 -8.658615
6.550000 0.024758 -1.636857 -8.657285
6.560000 0.008364 -1.639333 -8.655944
6.570000 -0.008037 -1.640169 -8.654600
6.580000 -0.024431 -1.639365 -8.653256
6.590000 -0.040800 -1.636923 -8.651920
6.600000 -0.057129 -1.632844 -8.650597
6.610000 -0.073400 -1.627134 -8.649292
6.620000 -0.089598 -1.619801 -8.648011
6.630000 -0.105707 -1.610853 -8.646759
6.640000 -0.121710 -1.600302 -8.645542
6.650000 -0.137591 -1.588161 -8.644365
6.660000 -0.153336 -1.574445 -8.643232
6.670000 -0.168927 -1.559172 -8.642149
6.680000 -0.184351 -1.542359 -8.641119
6.690000 -0.199591 -1.524028 -8.640146
6.700000 -0.214633 -1.504201 -8.639235
6.710000 -0.229462 -1.482902 -8.638389
6.720000 -0.244064 -1.460157 -8.637611
6.730000 -0.258424 -1.435992 -8.636903
6.740000 -0.272528 -1.410436 -8.636269
6.750000 -0.286363 -1.383520 -8.635711
6.760000 -0.299916 -1.355273 -8.635230
6.770000 -0.313173 -1.325729 -8.634828
6.780000 -0.326123 -1.294921 -8.634506
6.790000 -0.338751 -1.262884 -8.634265
6.800000 -0.351048 -1.229653 -8.634105
6.810000 -0.363001 -1.195265 -8.634027
6.820000 -0.374598 -1.159757 -8.634029
6.830000 -0.385830 -1.123167 -8.634113
6.840000 -0.396685 -1.085534 -8.634276
6.850000 -0.407154 -1.046898 -8.634517
6.860000 -0.417227 -1.007298 -8.634836
6.870000 -0.426895 -0.966775 -8.635231
6.880000 -0.436149 -0.925371 -8.635699
6.890000 -0.444980 -0.883126 -8.636238
6.900000 -0.453381 -0.840082 -8.636846
6.910000 -0.461343 -0.796281 -8.637521
6.920000 -0.468861 -0.751766 -8.638259
6.930000 -0.475927 -0.706579 -8.639058
6.940000 -0.482535 -0.660762 -8.639913
6.950000 -0.488678 -0.614360 -8.640823
6.960000 -0.494352 -0.567414 -8.641783
6.970000 -0.499552 -0.519968 -8.642790
6.980000 -0.504273 -0.472065 -8.643839
6.990000 -0.508510 -0.423747 -8.644928
7.000000 -0.512261 -0.375060 -8.646052
7.010000 -0.515521 -0.326045 -8.647207
7.020000 -0.518289 -0.276746 -8.648389
7.030000 -0.520561 -0.227207 -8.649593
7.040000 -0.522335 -0.177470 -8.650817
7.050000 -0.523611 -0.127580 -8.652054
7.060000 -0.524387 -0.077578 -8.653301
7.070000 -0.524662 -0.027510 -8.654555
7.080000 -0.524436 0.022582 -8.655809
7.090000 -0.523710 0.072654 -8.657060
7.100000 -0.522483 0.122664 -8.658304
7.110000 -0.520757 0.172567 -8.659537
7.120000 -0.518534 0.222321 -8.660753
7.130000 -0.515815 0.271882 -8.661949
7.140000 -0.512603 0.321206 -8.663120
7.150000 -0.508901 0.370251 -8.664263
7.160000 -0.504711 0.418973 -8.665373
7.170000 -0.500038 0.467328 -8.666447
7.180000 -0.494885 0.515274 -8.667480
7.190000 -0.489257 0.562767 -8.668468
7.200000 -0.483160 0.609764 -8.669408
7.210000 -0.476597 0.656222 -8.670296
7.220000 -0.469576 0.702098 -8.671129
7.230000 -0.462103 0.747349 -8.671904
7.240000 -0.454184 0.791932 -8.672617
7.250000 -0.445826 0.835805 -8.673265
7.260000 -0.437036 0.878925 -8.673845
7.270000 -0.427824 0.921251 -8.674356
7.280000 -0.418196 0.962740 -8.674795
7.290000 -0.408163 1.003351 -8.675159
7.300000 -0.397733 1.043044 -8.675446
7.310000 -0.386915 1.081776 -8.675656
7.320000 -0.375720 1.119510 -8.675787
7.330000 -0.364158 1.156204 -8.675837
7.340000 -0.352239 1.191820 -8.675807
7.350000 -0.339976 1.226320 -8.675695
7.360000 -0.327380 1.259667 -8.675502
7.370000 -0.314461 1.291823 -8.675228
7.380000 -0.301234 1.322753 -8.674873
7.390000 -0.287710 1.352423 -8.674439
7.400000 -0.273902 1.380799 -8.673926
7.410000 -0.259823 1.407848 -8.673337
7.420000 -0.245488 1.433539 -8.672672
7.430000 -0.230909 1.457842 -8.671936
7.440000 -0.216102 1.480728 -8.671129
7.450000 -0.201080 1.502171 -8.670256
7.460000 -0.185859 1.522143 -8.669319
7.470000 -0.170453 1.540622 -8.668322
7.480000 -0.154877 1.557585 -8.667270
7.490000 -0.139147 1.573011 -8.666165
7.500000 -0.123278 1.586881 -8.665014
7.510000 -0.107286 1.599177 -8.663819
7.520000 -0.091187 1.609885 -8.662588
7.530000 -0.074997 1.618992 -8.661323
7.540000 -0.058732 1.626484 -8.660032
7.550000 -0.042409 1.632354 -8.658719
7.560000 -0.026043 1.636594 -8.657389
7.570000 -0.009651 1.639198 -8.656050
7.580000 0.006751 1.640163 -8.654705
7.590000 0.023146 1.639488 -8.653361
7.600000 0.039517 1.637173 -8.652024
7.610000 0.055849 1.633223 -8.650700
7.620000 0.072126 1.627641 -8.649393
7.630000 0.088330 1.620434 -8.648110
7.640000 0.104446 1.611613 -8.646856
7.650000 0.120458 1.601187 -8.645637
7.660000 0.136350 1.589170 -8.644456
7.670000 0.152106 1.575578 -8.643320
7.680000 0.167710 1.560426 -8.642232
7.690000 0.183147 1.543733 -8.641198
7.700000 0.198402 1.525521 -8.640220
7.710000 0.213461 1.505810 -8.639304
7.720000 0.228307 1.484626 -8.638453
7.730000 0.242927 1.461993 -8.637669
7.740000 0.257306 1.437939 -8.636956
7.750000 0.271431 1.412491 -8.636316
7.760000 0.285288 1.385680 -8.635752
7.770000 0.298863 1.357537 -8.635265
7.780000 0.312144 1.328093 -8.634857
7.790000 0.325118 1.297383 -8.634529
7.800000 0.337772 1.265441 -8.634281
7.810000 0.350095 1.232303 -8.634115
7.820000 0.362075 1.198004 -8.634030
7.830000 0.373701 1.162582 -8.634026
7.840000 0.384962 1.126076 -8.634103
7.850000 0.395847 1.088523 -8.634260
7.860000 0.406347 1.049964 -8.634496
7.870000 0.416451 1.010439 -8.634809
7.880000 0.426151 0.969987 -8.635197
7.890000 0.435438 0.928650 -8.635659
7.900000 0.444302 0.886469 -8.636193
7.910000 0.452737 0.843487 -8.636796
7.920000 0.460735 0.799744 -8.637466
7.930000 0.468288 0.755283 -8.638199
7.940000 0.475389 0.710147 -8.638993
7.950000 0.482033 0.664379 -8.639844
7.960000 0.488213 0.618021 -8.640750
7.970000 0.493924 0.571116 -8.641706
7.980000 0.499161 0.523707 -8.642709
7.990000 0.503920 0.475838 -8.643755
8.000000 0.508195 0.427552 -8.644841
8.010000 0.511984 0.378892 -8.645962
8.020000 0.515283 0.329901 -8.647115
8.030000 0.518089 0.280623 -8.648295
8.040000 0.520400 0.231101 -8.649498
8.050000 0.522214 0.181378 -8.650720
8.060000 0.523529 0.131498 -8.651957
8.070000 0.524344 0.081504 -8.653203
8.080000 0.524659 0.031440 -8.654456
8.090000 0.524472 -0.018652 -8.655711
8.100000 0.523785 -0.068728 -8.656962
8.110000 0.522597 -0.118744 -8.658207
8.120000 0.520911 -0.168657 -8.659440
8.130000 0.518726 -0.218424 -8.660658
8.140000 0.516046 -0.268001 -8.661856
8.150000 0.512873 -0.317346 -8.663029
8.160000 0.509209 -0.366414 -8.664175
8.170000 0.505057 -0.415163 -8.665288
8.180000 0.500422 -0.463549 -8.666364
8.190000 0.495306 -0.511528 -8.667400
8.200000 0.489716 -0.559058 -8.668392
8.210000 0.483655 -0.606096 -8.669336
8.220000 0.477129 -0.652598 -8.670229
8.230000 0.470144 -0.698521 -8.671066
8.240000 0.462706 -0.743822 -8.671845
8.250000 0.454821 -0.788459 -8.672563
8.260000 0.446497 -0.832389 -8.673216
8.270000 0.437741 -0.875570 -8.673802
8.280000 0.428562 -0.917960 -8.674319
8.290000 0.418967 -0.959516 -8.674763
8.300000 0.408965 -1.000198 -8.675133
8.310000 0.398565 -1.039964 -8.675426
8.320000 0.387777 -1.078773 -8.675643
8.330000 0.376611 -1.116586 -8.675779
8.340000 0.365078 -1.153364 -8.675836
8.350000 0.353187 -1.189066 -8.675812
8.360000 0.340951 -1.223655 -8.675707
8.370000 0.328380 -1.257093 -8.675520
8.380000 0.315486 -1.289344 -8.675252
8.390000 0.302282 -1.320372 -8.674904
8.400000 0.288781 -1.350142 -8.674476
8.410000 0.274995 -1.378620 -8.673969
8.420000 0.260937 -1.405774 -8.673386
8.430000 0.246621 -1.431573 -8.672727
8.440000 0.232061 -1.455986 -8.671996
8.450000 0.217272 -1.478984 -8.671195
8.460000 0.202266 -1.500541 -8.670327
8.470000 0.187060 -1.520630 -8.669395
8.480000 0.171668 -1.539227 -8.668403
8.490000 0.156105 -1.556310 -8.667354
8.500000 0.140386 -1.571857 -8.666254
8.510000 0.124528 -1.585849 -8.665106
8.520000 0.108545 -1.598270 -8.663915
8.530000 0.092454 -1.609103 -8.662686
8.540000 0.076270 -1.618335 -8.661424
8.550000 0.060011 -1.625955 -8.660134
8.560000 0.043691 -1.631952 -8.658822
8.570000 0.027328 -1.636320 -8.657494
8.580000 0.010938 -1.639053 -8.656155
8.590000 -0.005464 -1.640146 -8.654811
8.600000 -0.021860 -1.639600 -8.653467
8.610000 -0.038234 -1.637414 -8.652129
8.620000 -0.054570 -1.633592 -8.650803
8.630000 -0.070851 -1.628137 -8.649495
8.640000 -0.087062 -1.621058 -8.648210
8.650000 -0.103185 -1.612363 -8.646954
8.660000 -0.119206 -1.602063 -8.645731
8.670000 -0.135108 -1.590170 -8.644547
8.680000 -0.150875 -1.576701 -8.643407
8.690000 -0.166492 -1.561670 -8.642315
8.700000 -0.181943 -1.545098 -8.641277
8.710000 -0.197213 -1.527004 -8.640295
8.720000 -0.212287 -1.507410 -8.639374
8.730000 -0.227150 -1.486341 -8.638517
8.740000 -0.241788 -1.463821 -8.637728
8.750000 -0.256187 -1.439877 -8.637009
8.760000 -0.270332 -1.414537 -8.636364
8.770000 -0.284211 -1.387832 -8.635794
8.780000 -0.297809 -1.359792 -8.635300
8.790000 -0.311113 -1.330450 -8.634886
8.800000 -0.324112 -1.299838 -8.634551
8.810000 -0.336791 -1.267991 -8.634298
8.820000 -0.349141 -1.234945 -8.634125
8.830000 -0.361148 -1.200736 -8.634034
8.840000 -0.372802 -1.165401 -8.634024
8.850000 -0.384092 -1.128978 -8.634094
8.860000 -0.395007 -1.091507 -8.634245
8.870000 -0.405537 -1.053025 -8.634474
8.880000 -0.415673 -1.013574 -8.634781
8.890000 -0.425405 -0.973193 -8.635164
8.900000 -0.434724 -0.931924 -8.635621
8.910000 -0.443622 -0.889808 -8.636149
8.920000 -0.452091 -0.846887 -8.636747
8.930000 -0.460123 -0.803202 -8.637411
8.940000 -0.467711 -0.758796 -8.638139
8.950000 -0.474848 -0.713712 -8.638928
8.960000 -0.481528 -0.667991 -8.639775
8.970000 -0.487745 -0.621678 -8.640677
8.980000 -0.493493 -0.574815 -8.641629
8.990000 -0.498768 -0.527444 -8.642629
9.000000 -0.503564 -0.479610 -8.643672
9.010000 -0.507877 -0.431355 -8.644755
9.020000 -0.511704 -0.382722 -8.645873
9.030000 -0.515042 -0.333756 -8.647024
9.040000 -0.517887 -0.284499 -8.648202
9.050000 -0.520237 -0.234994 -8.649403
9.060000 -0.522090 -0.185286 -8.650624
9.070000 -0.523444 -0.135416 -8.651859
9.080000 -0.524298 -0.085430 -8.653105
9.090000 -0.524652 -0.035369 -8.654358
9.100000 -0.524505 0.014722 -8.655612
9.110000 -0.523857 0.064800 -8.656864
9.120000 -0.522709 0.114823 -8.658110
9.130000 -0.521061 0.164746 -8.659344
9.140000 -0.518916 0.214526 -8.660563
9.150000 -0.516275 0.264120 -8.661763
9.160000 -0.513140 0.313484 -8.662938
9.170000 -0.509514 0.362575 -8.664086
9.180000 -0.505401 0.411351 -8.665202
9.190000 -0.500803 0.459767 -8.666281
9.200000 -0.495725 0.507780 -8.667321
9.210000 -0.490172 0.555346 -8.668316
9.220000 -0.484147 0.602424 -8.669264
9.230000 -0.477658 0.648970 -8.670161
9.240000 -0.470708 0.694940 -8.671002
9.250000 -0.463305 0.740291 -8.671786
9.260000 -0.455456 0.784982 -8.672509
9.270000 -0.447166 0.828969 -8.673167
9.280000 -0.438444 0.872210 -8.673759
9.290000 -0.429297 0.914664 -8.674281
9.300000 -0.419734 0.956287 -8.674731
9.310000 -0.409764 0.997039 -8.675106
9.320000 -0.399395 1.036878 -8.675406
9.330000 -0.388637 1.075764 -8.675628
9.340000 -0.377501 1.113657 -8.675772
9.350000 -0.365996 1.150517 -8.675835
9.360000 -0.354133 1.186304 -8.675817
9.370000 -0.341923 1.220982 -8.675718
9.380000 -0.329378 1.254512 -8.675538
9.390000 -0.316509 1.286857 -8.675276
9.400000 -0.303329 1.317983 -8.674934
9.410000 -0.289851 1.347852 -8.674512
9.420000 -0.276086 1.376433 -8.674012
9.430000 -0.262050 1.403693 -8.673434
9.440000 -0.247754 1.429599 -8.672781
9.450000 -0.233212 1.454121 -8.672056
9.460000 -0.218440 1.477232 -8.671260
9.470000 -0.203451 1.498902 -8.670397
9.480000 -0.188260 1.519108 -8.669470
9.490000 -0.172882 1.537823 -8.668482
9.500000 -0.157331 1.555025 -8.667438
9.510000 -0.141624 1.570693 -8.666342
9.520000 -0.125776 1.584808 -8.665197
9.530000 -0.109803 1.597353 -8.664009
9.540000 -0.093720 1.608311 -8.662783
9.550000 -0.077543 1.617669 -8.661524
9.560000 -0.061289 1.625416 -8.660236
9.570000 -0.044974 1.631541 -8.658926
9.580000 -0.028613 1.636037 -8.657599
9.590000 -0.012224 1.638898 -8.656260
9.600000 0.004177 1.640120 -8.654916
9.610000 0.020574 1.639702 -8.653572
9.620000 0.036950 1.637645 -8.652234
9.630000 0.053290 1.633951 -8.650907
9.640000 0.069576 1.628624 -8.649597
9.650000 0.085793 1.621672 -8.648310
9.660000 0.101924 1.613103 -8.647051
9.670000 0.117953 1.602929 -8.645826
9.680000 0.133865 1.591161 -8.644638
9.690000 0.149643 1.577814 -8.643495
9.700000 0.165272 1.562906 -8.642399
9.710000 0.180737 1.546454 -8.641356
9.720000 0.196021 1.528478 -8.640370
9.730000 0.211111 1.509001 -8.639444
9.740000 0.225992 1.488047 -8.638582
9.750000 0.240648 1.465639 -8.637787
9.760000 0.255066 1.441806 -8.637063
9.770000 0.269232 1.416575 -8.636412
9.780000 0.283132 1.389976 -8.635836
9.790000 0.296752 1.362040 -8.635336
9.800000 0.310080 1.332798 -8.634916
9.810000 0.323103 1.302284 -8.634575
9.820000 0.335808 1.270533 -8.634315
9.830000 0.348184 1.237580 -8.634136
9.840000 0.360219 1.203461 -8.634038
9.850000 0.371901 1.168213 -8.634022
9.860000 0.383220 1.131874 -8.634086
9.870000 0.394165 1.094484 -8.634230
9.880000 0.404725 1.056080 -8.634454
9.890000 0.414892 1.016703 -8.634754
9.900000 0.424656 0.976394 -8.635131
9.910000 0.434008 0.935193 -8.635582
9.920000 0.442940 0.893142 -8.636105
9.930000 0.451442 0.850283 -8.636697
9.940000 0.459509 0.806656 -8.637356
9.950000 0.467132 0.762305 -8.638080
9.960000 0.474305 0.717273 -8.638864
9.970000 0.481021 0.671601 -8.639707
9.980000 0.487274 0.625332 -8.640604
9.990000 0.493059 0.578510 -8.641553
10.000000 0.498371 0.531178 -8.642549
