0.179641 1.986836
0.359281 1.986839
0.538922 1.986846
0.718563 1.986854
0.898204 1.986865
1.077844 1.986878
1.257485 1.986894
1.437126 1.986913
1.616766 1.986933
1.796407 1.986957
1.976048 1.986982
2.155689 1.987010
2.335329 1.987041
2.514970 1.987074
2.694611 1.987109
2.874251 1.987147
3.053892 1.987187
3.233533 1.987230
3.413174 1.987275
3.592814 1.987323
3.772455 1.987373
3.952096 1.987426
4.131737 1.987481
4.311377 1.987538
4.491018 1.987598
4.670659 1.987660
4.850299 1.987725
5.029940 1.987792
5.209581 1.987862
5.389222 1.987934
5.568862 1.988008
5.748503 1.988085
5.928144 1.988165
6.107784 1.988247
6.287425 1.988331
6.467066 1.988418
6.646707 1.988507
6.826347 1.988599
7.005988 1.988693
7.185629 1.988790
7.365269 1.988889
7.544910 1.988990
7.724551 1.989094
7.904192 1.989201
8.083832 1.989310
8.263473 1.989421
8.443114 1.989535
8.622754 1.989651
8.802395 1.989770
8.982036 1.989891
9.161677 1.990015
9.341317 1.990141
9.520958 1.990270
9.700599 1.990401
9.880240 1.990534
10.059880 1.990670
10.239521 1.990809
10.419162 1.990950
10.598802 1.991093
10.778443 1.991239
10.958084 1.991388
11.137725 1.991538
11.317365 1.991692
11.497006 1.991848
11.676647 1.992006
11.856287 1.992167
12.035928 1.992330
12.215569 1.992496
12.395210 1.992664
12.574850 1.992834
12.754491 1.993008
12.934132 1.993183
13.113772 1.993361
13.293413 1.993542
13.473054 1.993725
13.652695 1.993911
13.832335 1.994099
14.011976 1.994290
14.191617 1.994483
14.371257 1.994678
14.550898 1.994876
14.730539 1.995077
14.910180 1.995280
15.089820 1.995485
15.269461 1.995693
15.449102 1.995904
15.628743 1.996117
15.808383 1.996333
15.988024 1.996551
16.167665 1.996771
16.347305 1.996994
16.526946 1.997220
16.706587 1.997448
16.886228 1.997679
17.065868 1.997912
17.245509 1.998147
17.425150 1.998386
17.604790 1.998626
17.784431 1.998869
17.964072 1.999115
18.143713 1.999363
18.323353 1.999614
18.502994 1.999867
18.682635 2.000123
18.862275 2.000382
19.041916 2.000642
19.221557 2.000906
19.401198 2.001172
19.580838 2.001440
19.760479 2.001711
19.940120 2.001985
20.119760 2.002261
20.299401 2.002540
20.479042 2.002821
20.658683 2.003105
20.838323 2.003391
21.017964 2.003680
21.197605 2.003972
21.377246 2.004266
21.556886 2.004562
21.736527 2.004862
21.916168 2.005163
22.095808 2.005468
22.275449 2.005775
22.455090 2.006084
22.634731 2.006396
22.814371 2.006711
22.994012 2.007028
23.173653 2.007348
23.353293 2.007670
23.532934 2.007995
23.712575 2.008323
23.892216 2.008653
24.071856 2.008986
24.251497 2.009321
24.431138 2.009659
24.610778 2.009999
24.790419 2.010342
24.970060 2.010688
25.149701 2.011036
25.329341 2.011387
25.508982 2.011741
25.688623 2.012097
25.868263 2.012456
26.047904 2.012817
26.227545 2.013181
26.407186 2.013547
26.586826 2.013917
26.766467 2.014288
26.946108 2.014663
27.125749 2.015040
27.305389 2.015420
27.485030 2.015802
27.664671 2.016187
27.844311 2.016575
28.023952 2.016965
28.203593 2.017358
28.383234 2.017754
28.562874 2.018152
28.742515 2.018553
28.922156 2.018957
29.101796 2.019363
29.281437 2.019772
29.461078 2.020184
29.640719 2.020598
29.820359 2.021015
30.000000 2.021435
30.179641 2.021857
30.359281 2.022282
30.538922 2.022710
30.718563 2.023140
30.898204 2.023573
31.077844 2.024009
31.257485 2.024448
31.437126 2.024889
31.616766 2.025333
31.796407 2.025779
31.976048 2.026228
32.155689 2.026680
32.335329 2.027135
32.514970 2.027593
32.694611 2.028053
32.874251 2.028516
33.053892 2.028981
33.233533 2.029450
33.413174 2.029921
33.592814 2.030395
33.772455 2.030872
33.952096 2.031351
34.131737 2.031833
34.311377 2.032318
34.491018 2.032806
34.670659 2.033297
34.850299 2.033790
35.029940 2.034286
35.209581 2.034785
35.389222 2.035287
35.568862 2.035791
35.748503 2.036298
35.928144 2.036808
36.107784 2.037321
36.287425 2.037836
36.467066 2.038355
36.646707 2.038876
36.826347 2.039400
37.005988 2.039926
37.185629 2.040456
37.365269 2.040988
37.544910 2.041523
37.724551 2.042061
37.904192 2.042602
38.083832 2.043146
38.263473 2.043692
38.443114 2.044242
38.622754 2.044794
38.802395 2.045349
38.982036 2.045907
39.161677 2.046468
39.341317 2.047032
39.520958 2.047599
39.700599 2.048168
39.880240 2.048741
40.059880 2.049316
40.239521 2.049894
40.419162 2.050475
40.598802 2.051059
40.778443 2.051646
40.958084 2.052235
41.137725 2.052828
41.317365 2.053423
41.497006 2.054021
41.676647 2.054623
41.856287 2.055227
42.035928 2.055834
42.215569 2.056444
42.395210 2.057057
42.574850 2.057673
42.754491 2.058292
42.934132 2.058914
43.113772 2.059539
43.293413 2.060167
43.473054 2.060798
43.652695 2.061432
43.832335 2.062069
44.011976 2.062708
44.191617 2.063351
44.371257 2.063997
44.550898 2.064645
44.730539 2.065297
44.910180 2.065952
45.089820 2.066609
45.269461 2.067270
45.449102 2.067934
45.628743 2.068601
45.808383 2.069271
45.988024 2.069943
46.167665 2.070619
46.347305 2.071299
46.526946 2.071981
46.706587 2.072666
46.886228 2.073354
47.065868 2.074046
47.245509 2.074740
47.425150 2.075438
47.604790 2.076138
47.784431 2.076842
47.964072 2.077549
48.143713 2.078258
48.323353 2.078971
48.502994 2.079687
48.682635 2.080406
48.862275 2.081129
49.041916 2.081854
49.221557 2.082583
49.401198 2.083314
49.580838 2.084049
49.760479 2.084787
49.940120 2.085529
50.119760 2.086273
50.299401 2.087021
50.479042 2.087772
50.658683 2.088526
50.838323 2.089283
51.017964 2.090043
51.197605 2.090807
51.377246 2.091573
51.556886 2.092343
51.736527 2.093116
51.916168 2.093892
52.095808 2.094672
52.275449 2.095455
52.455090 2.096241
52.634731 2.097030
52.814371 2.097823
52.994012 2.098619
53.173653 2.099418
53.353293 2.100220
53.532934 2.101026
53.712575 2.101835
53.892216 2.102647
54.071856 2.103463
54.251497 2.104282
54.431138 2.105104
54.610778 2.105930
54.790419 2.106758
54.970060 2.107591
55.149701 2.108426
55.329341 2.109265
55.508982 2.110107
55.688623 2.110953
55.868263 2.111802
56.047904 2.112655
56.227545 2.113511
56.407186 2.114370
56.586826 2.115233
56.766467 2.116099
56.946108 2.116969
57.125749 2.117841
57.305389 2.118718
57.485030 2.119597
57.664671 2.120481
57.844311 2.121367
58.023952 2.122257
58.203593 2.123151
58.383234 2.124048
58.562874 2.124949
58.742515 2.125853
58.922156 2.126761
59.101796 2.127672
59.281437 2.128587
59.461078 2.129505
59.640719 2.130427
59.820359 2.131352
60.000000 2.132280
60.179641 2.133212
60.359281 2.134148
60.538922 2.135088
60.718563 2.136030
60.898204 2.136977
61.077844 2.137927
61.257485 2.138881
61.437126 2.139839
61.616766 2.140800
61.796407 2.141765
61.976048 2.142733
62.155689 2.143705
62.335329 2.144680
62.514970 2.145659
62.694611 2.146642
62.874251 2.147629
63.053892 2.148619
63.233533 2.149613
63.413174 2.150611
63.592814 2.151612
63.772455 2.152618
63.952096 2.153627
64.131737 2.154640
64.311377 2.155656
64.491018 2.156676
64.670659 2.157700
64.850299 2.158728
65.029940 2.159760
65.209581 2.160795
65.389222 2.161834
65.568862 2.162877
65.748503 2.163924
65.928144 2.164974
66.107784 2.166029
66.287425 2.167088
66.467066 2.168150
66.646707 2.169216
66.826347 2.170286
67.005988 2.171360
67.185629 2.172438
67.365269 2.173519
67.544910 2.174605
67.724551 2.175694
67.904192 2.176787
68.083832 2.177885
68.263473 2.178986
68.443114 2.180092
68.622754 2.181201
68.802395 2.182315
68.982036 2.183432
69.161677 2.184553
69.341317 2.185679
69.520958 2.186808
69.700599 2.187941
69.880240 2.189079
70.059880 2.190220
70.239521 2.191366
70.419162 2.192516
70.598802 2.193670
70.778443 2.194829
70.958084 2.195991
71.137725 2.197157
71.317365 2.198328
71.497006 2.199502
71.676647 2.200681
71.856287 2.201864
72.035928 2.203051
72.215569 2.204242
72.395210 2.205438
72.574850 2.206638
72.754491 2.207842
72.934132 2.209051
73.113772 2.210263
73.293413 2.211480
73.473054 2.212701
73.652695 2.213927
73.832335 2.215156
74.011976 2.216390
74.191617 2.217628
74.371257 2.218871
74.550898 2.220119
74.730539 2.221370
74.910180 2.222626
75.089820 2.223886
75.269461 2.225151
75.449102 2.226420
75.628743 2.227693
75.808383 2.228971
75.988024 2.230253
76.167665 2.231541
76.347305 2.232832
76.526946 2.234128
76.706587 2.235429
76.886228 2.236734
77.065868 2.238044
77.245509 2.239358
77.425150 2.240676
77.604790 2.241999
77.784431 2.243327
77.964072 2.244660
78.143713 2.245997
78.323353 2.247339
78.502994 2.248686
78.682635 2.250037
78.862275 2.251392
79.041916 2.252753
79.221557 2.254118
79.401198 2.255487
79.580838 2.256862
79.760479 2.258241
79.940120 2.259625
80.119760 2.261014
80.299401 2.262408
80.479042 2.263806
80.658683 2.265210
80.838323 2.266618
81.017964 2.268030
81.197605 2.269448
81.377246 2.270871
81.556886 2.272299
81.736527 2.273732
81.916168 2.275170
82.095808 2.276612
82.275449 2.278060
82.455090 2.279512
82.634731 2.280969
82.814371 2.282432
82.994012 2.283899
83.173653 2.285372
83.353293 2.286850
83.532934 2.288333
83.712575 2.289821
83.892216 2.291313
84.071856 2.292811
84.251497 2.294314
84.431138 2.295822
84.610778 2.297336
84.790419 2.298855
84.970060 2.300379
85.149701 2.301908
85.329341 2.303442
85.508982 2.304982
85.688623 2.306527
85.868263 2.308077
86.047904 2.309632
86.227545 2.311193
86.407186 2.312760
86.586826 2.314332
86.766467 2.315909
86.946108 2.317491
87.125749 2.319079
87.305389 2.320672
87.485030 2.322271
87.664671 2.323875
87.844311 2.325485
88.023952 2.327101
88.203593 2.328722
88.383234 2.330349
88.562874 2.331980
88.742515 2.333618
88.922156 2.335261
89.101796 2.336910
89.281437 2.338564
89.461078 2.340225
89.640719 2.341891
89.820359 2.343562
90.000000 2.345239
90.179641 2.346922
90.359281 2.348611
90.538922 2.350306
90.718563 2.352007
90.898204 2.353713
91.077844 2.355426
91.257485 2.357144
91.437126 2.358868
91.616766 2.360598
91.796407 2.362334
91.976048 2.364076
92.155689 2.365824
92.335329 2.367579
92.514970 2.369339
92.694611 2.371105
92.874251 2.372877
93.053892 2.374655
93.233533 2.376439
93.413174 2.378230
93.592814 2.380027
93.772455 2.381830
93.952096 2.383639
94.131737 2.385454
94.311377 2.387276
94.491018 2.389103
94.670659 2.390938
94.850299 2.392779
95.029940 2.394626
95.209581 2.396480
95.389222 2.398340
95.568862 2.400206
95.748503 2.402078
95.928144 2.403958
96.107784 2.405844
96.287425 2.407737
96.467066 2.409636
96.646707 2.411541
96.826347 2.413453
97.005988 2.415372
97.185629 2.417297
97.365269 2.419229
97.544910 2.421168
97.724551 2.423114
97.904192 2.425066
98.083832 2.427025
98.263473 2.428991
98.443114 2.430964
98.622754 2.432944
98.802395 2.434931
98.982036 2.436925
99.161677 2.438926
99.341317 2.440933
99.520958 2.442948
99.700599 2.444970
99.880240 2.446999
100.059880 2.449036
100.239521 2.451079
100.419162 2.453129
100.598802 2.455186
100.778443 2.457251
100.958084 2.459323
101.137725 2.461403
101.317365 2.463490
101.497006 2.465583
101.676647 2.467685
101.856287 2.469793
102.035928 2.471910
102.215569 2.474034
102.395210 2.476166
102.574850 2.478305
102.754491 2.480451
102.934132 2.482605
103.113772 2.484767
103.293413 2.486937
103.473054 2.489115
103.652695 2.491300
103.832335 2.493492
104.011976 2.495693
104.191617 2.497901
104.371257 2.500118
104.550898 2.502342
104.730539 2.504574
104.910180 2.506814
105.089820 2.509062
105.269461 2.511319
105.449102 2.513583
105.628743 2.515856
105.808383 2.518137
105.988024 2.520426
106.167665 2.522723
106.347305 2.525029
106.526946 2.527343
106.706587 2.529666
106.886228 2.531996
107.065868 2.534335
107.245509 2.536682
107.425150 2.539038
107.604790 2.541403
107.784431 2.543777
107.964072 2.546158
108.143713 2.548549
108.323353 2.550948
108.502994 2.553356
108.682635 2.555774
108.862275 2.558199
109.041916 2.560634
109.221557 2.563077
109.401198 2.565530
109.580838 2.567992
109.760479 2.570463
109.940120 2.572942
110.119760 2.575431
110.299401 2.577929
110.479042 2.580436
110.658683 2.582953
110.838323 2.585479
111.017964 2.588014
111.197605 2.590558
111.377246 2.593113
111.556886 2.595677
111.736527 2.598250
111.916168 2.600833
112.095808 2.603425
112.275449 2.606028
112.455090 2.608640
112.634731 2.611262
112.814371 2.613893
112.994012 2.616534
113.173653 2.619186
113.353293 2.621848
113.532934 2.624519
113.712575 2.627200
113.892216 2.629892
114.071856 2.632594
114.251497 2.635307
114.431138 2.638030
114.610778 2.640762
114.790419 2.643506
114.970060 2.646260
115.149701 2.649025
115.329341 2.651799
115.508982 2.654585
115.688623 2.657381
115.868263 2.660188
116.047904 2.663006
116.227545 2.665834
116.407186 2.668674
116.586826 2.671524
116.766467 2.674387
116.946108 2.677260
117.125749 2.680144
117.305389 2.683039
117.485030 2.685945
117.664671 2.688864
117.844311 2.691793
118.023952 2.694733
118.203593 2.697685
118.383234 2.700649
118.562874 2.703625
118.742515 2.706612
118.922156 2.709611
119.101796 2.712622
119.281437 2.715645
119.461078 2.718680
119.640719 2.721727
119.820359 2.724786
120.000000 2.727858
120.179641 2.730941
120.359281 2.734037
120.538922 2.737145
120.718563 2.740266
120.898204 2.743399
121.077844 2.746545
121.257485 2.749703
121.437126 2.752875
121.616766 2.756060
121.796407 2.759257
121.976048 2.762467
122.155689 2.765691
122.335329 2.768928
122.514970 2.772178
122.694611 2.775440
122.874251 2.778717
123.053892 2.782007
123.233533 2.785310
123.413174 2.788627
123.592814 2.791958
123.772455 2.795303
123.952096 2.798662
124.131737 2.802034
124.311377 2.805421
124.491018 2.808822
124.670659 2.812237
124.850299 2.815666
125.029940 2.819110
125.209581 2.822569
125.389222 2.826041
125.568862 2.829528
125.748503 2.833031
125.928144 2.836549
126.107784 2.840081
126.287425 2.843628
126.467066 2.847191
126.646707 2.850769
126.826347 2.854362
127.005988 2.857970
127.185629 2.861595
127.365269 2.865235
127.544910 2.868890
127.724551 2.872561
127.904192 2.876250
128.083832 2.879953
128.263473 2.883673
128.443114 2.887409
128.622754 2.891162
128.802395 2.894931
128.982036 2.898716
129.161677 2.902519
129.341317 2.906338
129.520958 2.910174
129.700599 2.914027
129.880240 2.917898
130.059880 2.921786
130.239521 2.925691
130.419162 2.929615
130.598802 2.933555
130.778443 2.937513
130.958084 2.941490
131.137725 2.945484
131.317365 2.949497
131.497006 2.953528
131.676647 2.957578
131.856287 2.961646
132.035928 2.965733
132.215569 2.969839
132.395210 2.973963
132.574850 2.978107
132.754491 2.982270
132.934132 2.986452
133.113772 2.990654
133.293413 2.994876
133.473054 2.999118
133.652695 3.003379
133.832335 3.007662
134.011976 3.011964
134.191617 3.016286
134.371257 3.020630
134.550898 3.024993
134.730539 3.029378
134.910180 3.033784
135.089820 3.038212
135.269461 3.042660
135.449102 3.047131
135.628743 3.051623
135.808383 3.056137
135.988024 3.060673
136.167665 3.065231
136.347305 3.069812
136.526946 3.074416
136.706587 3.079042
136.886228 3.083691
137.065868 3.088364
137.245509 3.093060
137.425150 3.097779
137.604790 3.102522
137.784431 3.107289
137.964072 3.112080
138.143713 3.116896
138.323353 3.121736
138.502994 3.126602
138.682635 3.131492
138.862275 3.136406
139.041916 3.141347
139.221557 3.146313
139.401198 3.151304
139.580838 3.156323
139.760479 3.161367
139.940120 3.166438
140.119760 3.171536
140.299401 3.176660
140.479042 3.181812
140.658683 3.186991
140.838323 3.192197
141.017964 3.197433
141.197605 3.202695
141.377246 3.207987
141.556886 3.213307
141.736527 3.218656
141.916168 3.224034
142.095808 3.229442
142.275449 3.234880
142.455090 3.240347
142.634731 3.245845
142.814371 3.251375
142.994012 3.256933
143.173653 3.262524
143.353293 3.268146
143.532934 3.273800
143.712575 3.279486
143.892216 3.285205
144.071856 3.290957
144.251497 3.296740
144.431138 3.302558
144.610778 3.308409
144.790419 3.314294
144.970060 3.320214
145.149701 3.326169
145.329341 3.332158
145.508982 3.338183
145.688623 3.344244
145.868263 3.350340
146.047904 3.356474
146.227545 3.362644
146.407186 3.368852
146.586826 3.375097
146.766467 3.381380
146.946108 3.387701
147.125749 3.394062
147.305389 3.400462
147.485030 3.406902
147.664671 3.413382
147.844311 3.419902
148.023952 3.426463
148.203593 3.433065
148.383234 3.439711
148.562874 3.446398
148.742515 3.453128
148.922156 3.459901
149.101796 3.466718
149.281437 3.473580
149.461078 3.480486
149.640719 3.487439
149.820359 3.494436
150.000000 3.501480
150.179641 3.508571
150.359281 3.515710
150.538922 3.522896
150.718563 3.530133
150.898204 3.537417
151.077844 3.544751
151.257485 3.552136
151.437126 3.559573
151.616766 3.567061
151.796407 3.574601
151.976048 3.582194
152.155689 3.589841
152.335329 3.597543
152.514970 3.605299
152.694611 3.613112
152.874251 3.620980
153.053892 3.628905
153.233533 3.636890
153.413174 3.644932
153.592814 3.653035
153.772455 3.661197
153.952096 3.669420
154.131737 3.677706
154.311377 3.686055
154.491018 3.694467
154.670659 3.702943
154.850299 3.711485
155.029940 3.720094
155.209581 3.728770
155.389222 3.737514
155.568862 3.746327
155.748503 3.755211
155.928144 3.764166
156.107784 3.773194
156.287425 3.782294
156.467066 3.791469
156.646707 3.800720
156.826347 3.810049
157.005988 3.819454
157.185629 3.828938
157.365269 3.838504
157.544910 3.848151
157.724551 3.857881
157.904192 3.867694
158.083832 3.877595
158.263473 3.887582
158.443114 3.897657
158.622754 3.907821
158.802395 3.918079
158.982036 3.928428
159.161677 3.938872
159.341317 3.949411
159.520958 3.960050
159.700599 3.970787
159.880240 3.981625
160.059880 3.992566
160.239521 4.003613
160.419162 4.014766
160.598802 4.026027
160.778443 4.037400
160.958084 4.048885
161.137725 4.060485
161.317365 4.072201
161.497006 4.084037
161.676647 4.095995
161.856287 4.108076
162.035928 4.120284
162.215569 4.132620
162.395210 4.145088
162.574850 4.157690
162.754491 4.170429
162.934132 4.183306
163.113772 4.196327
163.293413 4.209494
163.473054 4.222808
163.652695 4.236275
163.832335 4.249898
164.011976 4.263678
164.191617 4.277621
164.371257 4.291730
164.550898 4.306007
164.730539 4.320459
164.910180 4.335089
165.089820 4.349899
165.269461 4.364897
165.449102 4.380086
165.628743 4.395469
165.808383 4.411054
165.988024 4.426842
166.167665 4.442842
166.347305 4.459058
166.526946 4.475495
166.706587 4.492161
166.886228 4.509058
167.065868 4.526198
167.245509 4.543584
167.425150 4.561223
167.604790 4.579124
167.784431 4.597293
167.964072 4.615738
168.143713 4.634468
168.323353 4.653492
168.502994 4.672817
168.682635 4.692456
168.862275 4.712414
169.041916 4.732707
169.221557 4.753340
169.401198 4.774330
169.580838 4.795685
169.760479 4.817419
169.940120 4.839546
170.119760 4.862080
170.299401 4.885035
170.479042 4.908427
170.658683 4.932273
170.838323 4.956590
171.017964 4.981396
171.197605 5.006712
171.377246 5.032558
171.556886 5.058957
171.736527 5.085932
171.916168 5.113508
172.095808 5.141713
172.275449 5.170575
172.455090 5.200123
172.634731 5.230393
172.814371 5.261420
172.994012 5.293242
173.173653 5.325898
173.353293 5.359435
173.532934 5.393899
173.712575 5.429344
173.892216 5.465826
174.071856 5.503407
174.251497 5.542154
174.431138 5.582140
174.610778 5.623448
174.790419 5.666165
174.970060 5.710392
175.149701 5.756238
175.329341 5.803824
175.508982 5.853288
175.688623 5.904781
175.868263 5.958476
176.047904 6.014570
176.227545 6.073284
176.407186 6.134875
176.586826 6.199636
176.766467 6.267911
176.946108 6.340102
177.125749 6.416682
177.305389 6.498218
177.485030 6.585394
177.664671 6.679045
177.844311 6.780209
178.023952 6.890195
178.203593 7.010682
178.383234 7.143889
178.562874 7.292816
178.742515 7.461670
178.922156 7.656613
179.101796 7.887198
179.281437 8.169429
179.461078 8.533304
179.640719 9.046179
