0.000000 1.000000 0.000000 -5.403023
0.010000 0.999159 -0.084147 -5.406562
0.020000 0.997476 -0.168249 -5.410090
0.030000 0.994953 -0.252259 -5.413602
0.040000 0.991592 -0.336133 -5.417089
0.050000 0.987394 -0.419822 -5.420542
0.060000 0.982361 -0.503282 -5.423955
0.070000 0.976496 -0.586463 -5.427319
0.080000 0.969803 -0.669317 -5.430625
0.090000 0.962285 -0.751794 -5.433866
0.100000 0.953947 -0.833844 -5.437033
0.110000 0.944793 -0.915415 -5.440116
0.120000 0.934828 -0.996452 -5.443108
0.130000 0.924059 -1.076902 -5.445998
0.140000 0.912492 -1.156707 -5.448777
0.150000 0.900134 -1.235811 -5.451436
0.160000 0.886993 -1.314152 -5.453965
0.170000 0.873076 -1.391669 -5.456354
0.180000 0.858393 -1.468300 -5.458594
0.190000 0.842953 -1.543979 -5.460674
0.200000 0.826767 -1.618640 -5.462584
0.210000 0.809844 -1.692215 -5.464315
0.220000 0.792198 -1.764633 -5.465857
0.230000 0.773840 -1.835823 -5.467200
0.240000 0.754783 -1.905711 -5.468336
0.250000 0.735041 -1.974224 -5.469254
0.260000 0.714628 -2.041286 -5.469948
0.270000 0.693560 -2.106820 -5.470409
0.280000 0.671852 -2.170748 -5.470630
0.290000 0.649522 -2.232991 -5.470604
0.300000 0.626587 -2.293472 -5.470326
0.310000 0.603066 -2.352110 -5.469792
0.320000 0.578978 -2.408827 -5.468998
0.330000 0.554343 -2.463544 -5.467942
0.340000 0.529181 -2.516183 -5.466622
0.350000 0.503514 -2.566665 -5.465039
0.360000 0.477365 -2.614916 -5.463194
0.370000 0.450756 -2.660860 -5.461091
0.380000 0.423712 -2.704425 -5.458734
0.390000 0.396257 -2.745539 -5.456129
0.400000 0.368415 -2.784136 -5.453285
0.410000 0.340214 -2.820150 -5.450211
0.420000 0.311679 -2.853519 -5.446917
0.430000 0.282837 -2.884184 -5.443416
0.440000 0.253716 -2.912093 -5.439723
0.450000 0.224344 -2.937193 -5.435852
0.460000 0.194750 -2.959439 -5.431821
0.470000 0.164962 -2.978792 -5.427647
0.480000 0.135010 -2.995213 -5.423350
0.490000 0.104923 -3.008673 -5.418950
0.500000 0.074731 -3.019146 -5.414468
0.510000 0.044465 -3.026612 -5.409925
0.520000 0.014155 -3.031057 -5.405344
0.530000 -0.016170 -3.032473 -5.400747
0.540000 -0.046479 -3.030856 -5.396157
0.550000 -0.076741 -3.026210 -5.391597
0.560000 -0.106926 -3.018543 -5.387088
0.570000 -0.137005 -3.007871 -5.382652
0.580000 -0.166947 -2.994213 -5.378311
0.590000 -0.196723 -2.977596 -5.374085
0.600000 -0.226303 -2.958050 -5.369994
0.610000 -0.255660 -2.935612 -5.366057
0.620000 -0.284763 -2.910324 -5.362290
0.630000 -0.313585 -2.882231 -5.358710
0.640000 -0.342099 -2.851384 -5.355331
0.650000 -0.370277 -2.817838 -5.352166
0.660000 -0.398094 -2.781650 -5.349227
0.670000 -0.425523 -2.742884 -5.346525
0.680000 -0.452539 -2.701604 -5.344067
0.690000 -0.479118 -2.657879 -5.341860
0.700000 -0.505235 -2.611780 -5.339910
0.710000 -0.530869 -2.563378 -5.338220
0.720000 -0.555997 -2.512750 -5.336792
0.730000 -0.580596 -2.459971 -5.335629
0.740000 -0.604648 -2.405119 -5.334727
0.750000 -0.628130 -2.348271 -5.334087
0.760000 -0.651025 -2.289508 -5.333705
0.770000 -0.673314 -2.228908 -5.333576
0.780000 -0.694980 -2.166550 -5.333697
0.790000 -0.716005 -2.102513 -5.334059
0.800000 -0.736374 -2.036875 -5.334658
0.810000 -0.756071 -1.969715 -5.335484
0.820000 -0.775082 -1.901108 -5.336531
0.830000 -0.793393 -1.831130 -5.337789
0.840000 -0.810992 -1.759857 -5.339249
0.850000 -0.827865 -1.687360 -5.340902
0.860000 -0.844003 -1.613711 -5.342739
0.870000 -0.859392 -1.538980 -5.344749
0.880000 -0.874025 -1.463235 -5.346923
0.890000 -0.887890 -1.386543 -5.349250
0.900000 -0.900980 -1.308969 -5.351721
0.910000 -0.913286 -1.230576 -5.354326
0.920000 -0.924800 -1.151424 -5.357056
0.930000 -0.935516 -1.071574 -5.359900
0.940000 -0.945426 -0.991084 -5.362849
0.950000 -0.954527 -0.910009 -5.365894
0.960000 -0.962811 -0.828405 -5.369026
0.970000 -0.970274 -0.746325 -5.372236
0.980000 -0.976912 -0.663821 -5.375516
0.990000 -0.982721 -0.580943 -5.378856
1.000000 -0.987699 -0.497742 -5.382248
1.010000 -0.991842 -0.414266 -5.385685
1.020000 -0.995147 -0.330563 -5.389159
1.030000 -0.997614 -0.246679 -5.392660
1.040000 -0.999241 -0.162661 -5.396183
1.050000 -1.000026 -0.078555 -5.399718
1.060000 -0.999970 0.005594 -5.403258
1.070000 -0.999073 0.089739 -5.406796
1.080000 -0.997334 0.173836 -5.410324
1.090000 -0.994756 0.257839 -5.413835
1.100000 -0.991339 0.341701 -5.417319
1.110000 -0.987085 0.425377 -5.420770
1.120000 -0.981997 0.508820 -5.424180
1.130000 -0.976077 0.591981 -5.427540
1.140000 -0.969329 0.674811 -5.430843
1.150000 -0.961757 0.757262 -5.434079
1.160000 -0.953364 0.839282 -5.437240
1.170000 -0.944156 0.920818 -5.440318
1.180000 -0.934137 1.001818 -5.443303
1.190000 -0.923315 1.082227 -5.446186
1.200000 -0.911695 1.161988 -5.448957
1.210000 -0.899285 1.241042 -5.451608
1.220000 -0.886091 1.319330 -5.454128
1.230000 -0.872124 1.396791 -5.456508
1.240000 -0.857390 1.473360 -5.458737
1.250000 -0.841900 1.548974 -5.460806
1.260000 -0.825665 1.623565 -5.462705
1.270000 -0.808694 1.697065 -5.464424
1.280000 -0.791000 1.769404 -5.465952
1.290000 -0.772595 1.840509 -5.467282
1.300000 -0.753492 1.910309 -5.468403
1.310000 -0.733704 1.978728 -5.469308
1.320000 -0.713248 2.045690 -5.469986
1.330000 -0.692136 2.111120 -5.470431
1.340000 -0.670387 2.174938 -5.470636
1.350000 -0.648016 2.237067 -5.470593
1.360000 -0.625042 2.297428 -5.470299
1.370000 -0.601483 2.355941 -5.469748
1.380000 -0.577357 2.412527 -5.468936
1.390000 -0.552686 2.467108 -5.467862
1.400000 -0.527490 2.519606 -5.466525
1.410000 -0.501791 2.569943 -5.464924
1.420000 -0.475610 2.618042 -5.463062
1.430000 -0.448972 2.663830 -5.460942
1.440000 -0.421900 2.707234 -5.458568
1.450000 -0.394418 2.748184 -5.455948
1.460000 -0.366552 2.786611 -5.453088
1.470000 -0.338327 2.822451 -5.449998
1.480000 -0.309771 2.855642 -5.446690
1.490000 -0.280910 2.886126 -5.443176
1.500000 -0.251771 2.913849 -5.439471
1.510000 -0.222383 2.938760 -5.435589
1.520000 -0.192775 2.960816 -5.431547
1.530000 -0.162976 2.979974 -5.427365
1.540000 -0.133014 2.996200 -5.423061
1.550000 -0.102919 3.009462 -5.418654
1.560000 -0.072722 3.019736 -5.414168
1.570000 -0.042452 3.027001 -5.409622
1.580000 -0.012139 3.031245 -5.405039
1.590000 0.018185 3.032459 -5.400442
1.600000 0.048492 3.030641 -5.395853
1.610000 0.078750 3.025794 -5.391295
1.620000 0.108929 3.017927 -5.386790
1.630000 0.139000 3.007055 -5.382360
1.640000 0.168932 2.993200 -5.378026
1.650000 0.198696 2.976387 -5.373809
1.660000 0.228262 2.956648 -5.369728
1.670000 0.257602 2.934020 -5.365801
1.680000 0.286688 2.908543 -5.362046
1.690000 0.315490 2.880266 -5.358479
1.700000 0.343983 2.849237 -5.355113
1.710000 0.372138 2.815513 -5.351964
1.720000 0.399929 2.779153 -5.349040
1.730000 0.427331 2.740217 -5.346354
1.740000 0.454319 2.698773 -5.343912
1.750000 0.480868 2.654888 -5.341722
1.760000 0.506954 2.608633 -5.339789
1.770000 0.532555 2.560081 -5.338117
1.780000 0.557648 2.509308 -5.336707
1.790000 0.582212 2.456388 -5.335560
1.800000 0.606226 2.401401 -5.334677
1.810000 0.629670 2.344424 -5.334054
1.820000 0.652526 2.285536 -5.333689
1.830000 0.674774 2.224817 -5.333577
1.840000 0.696397 2.162345 -5.333713
1.850000 0.717379 2.098199 -5.334092
1.860000 0.737704 2.032458 -5.334706
1.870000 0.757356 1.965199 -5.335547
1.880000 0.776321 1.896498 -5.336608
1.890000 0.794585 1.826432 -5.337880
1.900000 0.812136 1.755075 -5.339353
1.910000 0.828961 1.682499 -5.341019
1.920000 0.845049 1.608776 -5.342867
1.930000 0.860389 1.533976 -5.344888
1.940000 0.874970 1.458166 -5.347073
1.950000 0.888784 1.381414 -5.349410
1.960000 0.901822 1.303783 -5.351890
1.970000 0.914076 1.225337 -5.354504
1.980000 0.925537 1.146138 -5.357241
1.990000 0.936199 1.066243 -5.360093
2.000000 0.946056 0.985712 -5.363048
2.010000 0.955103 0.904601 -5.366100
2.020000 0.963332 0.822963 -5.369237
2.030000 0.970741 0.740854 -5.372452
2.040000 0.977324 0.658323 -5.375736
2.050000 0.983078 0.575423 -5.379080
2.060000 0.988000 0.492202 -5.382476
2.070000 0.992087 0.408709 -5.385915
2.080000 0.995337 0.324992 -5.389391
2.090000 0.997748 0.241098 -5.392894
2.100000 0.999319 0.157073 -5.396417
2.110000 1.000049 0.072963 -5.399953
2.120000 0.999937 -0.011187 -5.403494
2.130000 0.998983 -0.095331 -5.407031
2.140000 0.997189 -0.179423 -5.410558
2.150000 0.994555 -0.263418 -5.414067
2.160000 0.991082 -0.347270 -5.417550
2.170000 0.986773 -0.430931 -5.420998
2.180000 0.981629 -0.514357 -5.424405
2.190000 0.975654 -0.597497 -5.427762
2.200000 0.968851 -0.680304 -5.431060
2.210000 0.961224 -0.762727 -5.434292
2.220000 0.952777 -0.844717 -5.437448
2.230000 0.943515 -0.926219 -5.440519
2.240000 0.933443 -1.007182 -5.443498
2.250000 0.922567 -1.087549 -5.446374
2.260000 0.910895 -1.167265 -5.449137
2.270000 0.898432 -1.246270 -5.451780
2.280000 0.885187 -1.324505 -5.454291
2.290000 0.871168 -1.401909 -5.456661
2.300000 0.856384 -1.478417 -5.458880
2.310000 0.840844 -1.553965 -5.460938
2.320000 0.824559 -1.628485 -5.462825
2.330000 0.807540 -1.701910 -5.464531
2.340000 0.789798 -1.774169 -5.466047
2.350000 0.771347 -1.845190 -5.467363
2.360000 0.752198 -1.914900 -5.468470
2.370000 0.732365 -1.983225 -5.469360
2.380000 0.711864 -2.050088 -5.470023
2.390000 0.690710 -2.115412 -5.470452
2.400000 0.668919 -2.179121 -5.470641
2.410000 0.646508 -2.241135 -5.470582
2.420000 0.623494 -2.301375 -5.470270
2.430000 0.599896 -2.359762 -5.469702
2.440000 0.575734 -2.416218 -5.468873
2.450000 0.551028 -2.470663 -5.467781
2.460000 0.525797 -2.523020 -5.466426
2.470000 0.500065 -2.573210 -5.464808
2.480000 0.473854 -2.621158 -5.462929
2.490000 0.447186 -2.666790 -5.460792
2.500000 0.420085 -2.710033 -5.458402
2.510000 0.392577 -2.750817 -5.455765
2.520000 0.364687 -2.789074 -5.452889
2.530000 0.336439 -2.824740 -5.449785
2.540000 0.307862 -2.857752 -5.446463
2.550000 0.278981 -2.888054 -5.442936
2.560000 0.249825 -2.915592 -5.439218
2.570000 0.220422 -2.940316 -5.435325
2.580000 0.190800 -2.962180 -5.431274
2.590000 0.160989 -2.981144 -5.427082
2.600000 0.131017 -2.997174 -5.422771
2.610000 0.100915 -3.010238 -5.418358
2.620000 0.070712 -3.020312 -5.413867
2.630000 0.040438 -3.027377 -5.409318
2.640000 0.010124 -3.031420 -5.404734
2.650000 -0.020201 -3.032432 -5.400136
2.660000 -0.050505 -3.030413 -5.395549
2.670000 -0.080759 -3.025364 -5.390994
2.680000 -0.110932 -3.017297 -5.386493
2.690000 -0.140994 -3.006227 -5.382069
2.700000 -0.170916 -2.992174 -5.377742
2.710000 -0.200667 -2.975166 -5.373533
2.720000 -0.230220 -2.955233 -5.369462
2.730000 -0.259544 -2.932414 -5.365546
2.740000 -0.288611 -2.906750 -5.361803
2.750000 -0.317394 -2.878288 -5.358249
2.760000 -0.345865 -2.847079 -5.354897
2.770000 -0.373997 -2.813178 -5.351762
2.780000 -0.401763 -2.776644 -5.348854
2.790000 -0.429138 -2.737540 -5.346184
2.800000 -0.456098 -2.695931 -5.343759
2.810000 -0.482617 -2.651886 -5.341586
2.820000 -0.508671 -2.605476 -5.339670
2.830000 -0.534239 -2.556775 -5.338015
2.840000 -0.559298 -2.505856 -5.336623
2.850000 -0.583826 -2.452797 -5.335494
2.860000 -0.607802 -2.397675 -5.334627
2.870000 -0.631208 -2.340568 -5.334022
2.880000 -0.654024 -2.281556 -5.333673
2.890000 -0.676231 -2.220718 -5.333578
2.900000 -0.697812 -2.158132 -5.333731
2.910000 -0.718751 -2.093878 -5.334125
2.920000 -0.739031 -2.028033 -5.334755
2.930000 -0.758638 -1.960676 -5.335611
2.940000 -0.777557 -1.891883 -5.336686
2.950000 -0.795774 -1.821729 -5.337972
2.960000 -0.813277 -1.750288 -5.339458
2.970000 -0.830053 -1.677634 -5.341136
2.980000 -0.846092 -1.603837 -5.342996
2.990000 -0.861381 -1.528968 -5.345029
3.000000 -0.875912 -1.453093 -5.347223
3.010000 -0.889675 -1.376281 -5.349570
3.020000 -0.902661 -1.298594 -5.352060
3.030000 -0.914862 -1.220096 -5.354682
3.040000 -0.926271 -1.140848 -5.357427
3.050000 -0.936880 -1.060910 -5.360286
3.060000 -0.946683 -0.980338 -5.363248
3.070000 -0.955675 -0.899190 -5.366306
3.080000 -0.963850 -0.817520 -5.369449
3.090000 -0.971204 -0.735380 -5.372668
3.100000 -0.977732 -0.652824 -5.375956
3.110000 -0.983431 -0.569901 -5.379304
3.120000 -0.988298 -0.486660 -5.382703
3.130000 -0.992329 -0.403151 -5.386145
3.140000 -0.995523 -0.319421 -5.389623
3.150000 -0.997879 -0.235517 -5.393128
3.160000 -0.999393 -0.151484 -5.396652
3.170000 -1.000067 -0.067370 -5.400188
3.180000 -0.999899 0.016781 -5.403729
3.190000 -0.998890 0.100922 -5.407266
3.200000 -0.997040 0.185009 -5.410792
3.210000 -0.994350 0.268996 -5.414299
3.220000 -0.990822 0.352837 -5.417780
3.230000 -0.986457 0.436484 -5.421226
3.240000 -0.981258 0.519892 -5.424630
3.250000 -0.975228 0.603012 -5.427983
3.260000 -0.968370 0.685795 -5.431277
3.270000 -0.960688 0.768191 -5.434504
3.280000 -0.952186 0.850150 -5.437655
3.290000 -0.942870 0.931618 -5.440720
3.300000 -0.932745 1.012543 -5.443692
3.310000 -0.921816 1.092869 -5.446561
3.320000 -0.910091 1.172539 -5.449317
3.330000 -0.897576 1.251495 -5.451951
3.340000 -0.884279 1.329677 -5.454453
3.350000 -0.870209 1.407022 -5.456813
3.360000 -0.855374 1.483469 -5.459022
3.370000 -0.839785 1.558950 -5.461068
3.380000 -0.823451 1.633400 -5.462944
3.390000 -0.806383 1.706750 -5.464638
3.400000 -0.788594 1.778929 -5.466141
3.410000 -0.770095 1.849865 -5.467443
3.420000 -0.750900 1.919485 -5.468536
3.430000 -0.731023 1.987715 -5.469411
3.440000 -0.710478 2.054478 -5.470059
3.450000 -0.689281 2.119698 -5.470472
3.460000 -0.667448 2.183296 -5.470644
3.470000 -0.644997 2.245195 -5.470569
3.480000 -0.621943 2.305314 -5.470241
3.490000 -0.598308 2.363576 -5.469655
3.500000 -0.574109 2.419900 -5.468809
3.510000 -0.549367 2.474209 -5.467700
3.520000 -0.524102 2.526424 -5.466327
3.530000 -0.498338 2.576467 -5.464692
3.540000 -0.472095 2.624264 -5.462795
3.550000 -0.445398 2.669739 -5.460641
3.560000 -0.418269 2.712821 -5.458234
3.570000 -0.390735 2.753439 -5.455581
3.580000 -0.362820 2.791526 -5.452690
3.590000 -0.334550 2.827017 -5.449571
3.600000 -0.305951 2.859851 -5.446235
3.610000 -0.277051 2.889971 -5.442695
3.620000 -0.247878 2.917323 -5.438964
3.630000 -0.218460 2.941858 -5.435060
3.640000 -0.188824 2.963531 -5.430999
3.650000 -0.159001 2.982301 -5.426799
3.660000 -0.129020 2.998134 -5.422480
3.670000 -0.098910 3.011000 -5.418062
3.680000 -0.068701 3.020875 -5.413566
3.690000 -0.038424 3.027740 -5.409014
3.700000 -0.008108 3.031581 -5.404428
3.710000 0.022216 3.032392 -5.399831
3.720000 0.052518 3.030171 -5.395245
3.730000 0.082767 3.024921 -5.390693
3.740000 0.112933 3.016654 -5.386197
3.750000 0.142987 3.005385 -5.381778
3.760000 0.172899 2.991135 -5.377458
3.770000 0.202638 2.973931 -5.373258
3.780000 0.232176 2.953806 -5.369196
3.790000 0.261484 2.930796 -5.365291
3.800000 0.290533 2.904945 -5.361561
3.810000 0.319296 2.876298 -5.358019
3.820000 0.347745 2.844908 -5.354682
3.830000 0.375854 2.810830 -5.351562
3.840000 0.403595 2.774124 -5.348669
3.850000 0.430944 2.734851 -5.346015
3.860000 0.457874 2.693078 -5.343606
3.870000 0.484363 2.648874 -5.341450
3.880000 0.510386 2.602310 -5.339552
3.890000 0.535921 2.553458 -5.337914
3.900000 0.560945 2.502395 -5.336539
3.910000 0.585437 2.449196 -5.335428
3.920000 0.609376 2.393940 -5.334579
3.930000 0.632743 2.336704 -5.333991
3.940000 0.655519 2.277568 -5.333659
3.950000 0.677685 2.216611 -5.333581
3.960000 0.699224 2.153912 -5.333750
3.970000 0.720120 2.089550 -5.334160
3.980000 0.740356 2.023602 -5.334805
3.990000 0.759917 1.956147 -5.335676
4.000000 0.778790 1.887261 -5.336765
4.010000 0.796960 1.817019 -5.338064
4.020000 0.814415 1.745496 -5.339564
4.030000 0.831142 1.672763 -5.341254
4.040000 0.847131 1.598893 -5.343126
4.050000 0.862371 1.523955 -5.345170
4.060000 0.876851 1.448016 -5.347375
4.070000 0.890562 1.371143 -5.349732
4.080000 0.903496 1.293401 -5.352230
4.090000 0.915645 1.214851 -5.354861
4.100000 0.927001 1.135556 -5.357614
4.110000 0.937556 1.055573 -5.360480
4.120000 0.947306 0.974962 -5.363449
4.130000 0.956244 0.893777 -5.366512
4.140000 0.964364 0.812074 -5.369660
4.150000 0.971663 0.729905 -5.372885
4.160000 0.978137 0.647323 -5.376177
4.170000 0.983780 0.564377 -5.379528
4.180000 0.988592 0.481117 -5.382930
4.190000 0.992568 0.397592 -5.386375
4.200000 0.995706 0.313849 -5.389855
4.210000 0.998005 0.229935 -5.393361
4.220000 0.999464 0.145895 -5.396887
4.230000 1.000082 0.061777 -5.400424
4.240000 0.999858 -0.022374 -5.403964
4.250000 0.998793 -0.106514 -5.407501
4.260000 0.996887 -0.190596 -5.411026
4.270000 0.994142 -0.274574 -5.414532
4.280000 0.990558 -0.358403 -5.418010
4.290000 0.986137 -0.442036 -5.421454
4.300000 0.980883 -0.525426 -5.424854
4.310000 0.974798 -0.608525 -5.428204
4.320000 0.967885 -0.691284 -5.431494
4.330000 0.960148 -0.773653 -5.434716
4.340000 0.951592 -0.855581 -5.437861
4.350000 0.942222 -0.937015 -5.440921
4.360000 0.932043 -1.017901 -5.443886
4.370000 0.921061 -1.098185 -5.446748
4.380000 0.909283 -1.177810 -5.449496
4.390000 0.896716 -1.256716 -5.452121
4.400000 0.883368 -1.334844 -5.454614
4.410000 0.869246 -1.412132 -5.456965
4.420000 0.854361 -1.488517 -5.459163
4.430000 0.838722 -1.563932 -5.461199
4.440000 0.822339 -1.638311 -5.463062
4.450000 0.805223 -1.711585 -5.464744
4.460000 0.787386 -1.783683 -5.466234
4.470000 0.768841 -1.854534 -5.467523
4.480000 0.749600 -1.924064 -5.468601
4.490000 0.729678 -1.992199 -5.469461
4.500000 0.709090 -2.058862 -5.470094
4.510000 0.687850 -2.123976 -5.470491
4.520000 0.665975 -2.187464 -5.470647
4.530000 0.643483 -2.249247 -5.470555
4.540000 0.620390 -2.309245 -5.470210
4.550000 0.596716 -2.367381 -5.469607
4.560000 0.572481 -2.423573 -5.468743
4.570000 0.547703 -2.477745 -5.467616
4.580000 0.522405 -2.529818 -5.466226
4.590000 0.496608 -2.579715 -5.464574
4.600000 0.470334 -2.627359 -5.462660
4.610000 0.443608 -2.672678 -5.460489
4.620000 0.416452 -2.715598 -5.458065
4.630000 0.388891 -2.756050 -5.455396
4.640000 0.360951 -2.793966 -5.452490
4.650000 0.332659 -2.829282 -5.449356
4.660000 0.304039 -2.861938 -5.446006
4.670000 0.275120 -2.891876 -5.442452
4.680000 0.245930 -2.919042 -5.438710
4.690000 0.216496 -2.943388 -5.434795
4.700000 0.186847 -2.964869 -5.430724
4.710000 0.157013 -2.983445 -5.426516
4.720000 0.127022 -2.999082 -5.422189
4.730000 0.096905 -3.011750 -5.417765
4.740000 0.066690 -3.021425 -5.413265
4.750000 0.036410 -3.028089 -5.408710
4.760000 0.006092 -3.031729 -5.404123
4.770000 -0.024231 -3.032339 -5.399526
4.780000 -0.054530 -3.029916 -5.394941
4.790000 -0.084775 -3.024465 -5.390392
4.800000 -0.114935 -3.015998 -5.385900
4.810000 -0.144980 -3.004530 -5.381488
4.820000 -0.174881 -2.990083 -5.377175
4.830000 -0.204608 -2.972684 -5.372984
4.840000 -0.234132 -2.952365 -5.368932
4.850000 -0.263423 -2.929165 -5.365038
4.860000 -0.292454 -2.903127 -5.361319
4.870000 -0.321197 -2.874296 -5.357791
4.880000 -0.349625 -2.842726 -5.354468
4.890000 -0.377709 -2.808472 -5.351362
4.900000 -0.405425 -2.771592 -5.348485
4.910000 -0.432747 -2.732151 -5.345847
4.920000 -0.459649 -2.690215 -5.343455
4.930000 -0.486107 -2.645851 -5.341316
4.940000 -0.512099 -2.599133 -5.339435
4.950000 -0.537600 -2.550132 -5.337815
4.960000 -0.562589 -2.498924 -5.336457
4.970000 -0.587045 -2.445586 -5.335363
4.980000 -0.610947 -2.390196 -5.334532
4.990000 -0.634276 -2.332832 -5.333961
5.000000 -0.657011 -2.273572 -5.333646
5.010000 -0.679136 -2.212497 -5.333584
5.020000 -0.700633 -2.149685 -5.333770
5.030000 -0.721485 -2.085215 -5.334196
5.040000 -0.741677 -2.019165 -5.334856
5.050000 -0.761193 -1.951612 -5.335741
5.060000 -0.780019 -1.882634 -5.336845
5.070000 -0.798142 -1.812304 -5.338158
5.080000 -0.815549 -1.740698 -5.339670
5.090000 -0.832228 -1.667888 -5.341373
5.100000 -0.848168 -1.593945 -5.343257
5.110000 -0.863357 -1.518938 -5.345311
5.120000 -0.877786 -1.442935 -5.347527
5.130000 -0.891446 -1.366002 -5.349893
5.140000 -0.904328 -1.288204 -5.352401
5.150000 -0.916424 -1.209603 -5.355040
5.160000 -0.927727 -1.130260 -5.357801
5.170000 -0.938229 -1.050234 -5.360674
5.180000 -0.947925 -0.969583 -5.363650
5.190000 -0.956809 -0.888362 -5.366719
5.200000 -0.964875 -0.806626 -5.369872
5.210000 -0.972119 -0.724429 -5.373102
5.220000 -0.978538 -0.641820 -5.376398
5.230000 -0.984126 -0.558852 -5.379753
5.240000 -0.988882 -0.475573 -5.383158
5.250000 -0.992802 -0.392032 -5.386606
5.260000 -0.995885 -0.308276 -5.390087
5.270000 -0.998128 -0.224352 -5.393595
5.280000 -0.999532 -0.140306 -5.397122
5.290000 -1.000093 -0.056184 -5.400659
5.300000 -0.999814 0.027968 -5.404200
5.310000 -0.998693 0.112105 -5.407736
5.320000 -0.996731 0.196181 -5.411260
5.330000 -0.993929 0.280151 -5.414764
5.340000 -0.990290 0.363969 -5.418240
5.350000 -0.985814 0.447587 -5.421681
5.360000 -0.980504 0.530959 -5.425079
5.370000 -0.974364 0.614037 -5.428424
5.380000 -0.967396 0.696772 -5.431710
5.390000 -0.959605 0.779113 -5.434927
5.400000 -0.950995 0.861009 -5.438067
5.410000 -0.941571 0.942409 -5.441121
5.420000 -0.931338 1.023257 -5.444080
5.430000 -0.920303 1.103499 -5.446934
5.440000 -0.908472 1.183077 -5.449674
5.450000 -0.895853 1.261934 -5.452291
5.460000 -0.882453 1.340008 -5.454775
5.470000 -0.868281 1.417238 -5.457116
5.480000 -0.853345 1.493560 -5.459303
5.490000 -0.837656 1.568908 -5.461328
5.500000 -0.821224 1.643216 -5.463180
5.510000 -0.804060 1.716414 -5.464849
5.520000 -0.786175 1.788432 -5.466326
5.530000 -0.767583 1.859198 -5.467601
5.540000 -0.748297 1.928637 -5.468665
5.550000 -0.728330 1.996677 -5.469510
5.560000 -0.707698 2.063239 -5.470127
5.570000 -0.686415 2.128248 -5.470509
5.580000 -0.664499 2.191624 -5.470649
5.590000 -0.641966 2.253291 -5.470540
5.600000 -0.618835 2.313168 -5.470178
5.610000 -0.595123 2.371177 -5.469557
5.620000 -0.570850 2.427238 -5.468676
5.630000 -0.546038 2.481273 -5.467532
5.640000 -0.520706 2.533203 -5.466125
5.650000 -0.494876 2.582952 -5.464454
5.660000 -0.468572 2.630445 -5.462523
5.670000 -0.441816 2.675606 -5.460335
5.680000 -0.414632 2.718364 -5.457895
5.690000 -0.387045 2.758649 -5.455210
5.700000 -0.359082 2.796395 -5.452288
5.710000 -0.330766 2.831536 -5.449140
5.720000 -0.302126 2.864013 -5.445776
5.730000 -0.273188 2.893768 -5.442209
5.740000 -0.243981 2.920748 -5.438455
5.750000 -0.214532 2.944905 -5.434529
5.760000 -0.184870 2.966194 -5.430448
5.770000 -0.155024 2.984576 -5.426232
5.780000 -0.125024 3.000016 -5.421898
5.790000 -0.094899 3.012486 -5.417468
5.800000 -0.064679 3.021962 -5.412964
5.810000 -0.034395 3.028425 -5.408406
5.820000 -0.004077 3.031864 -5.403817
5.830000 0.026246 3.032272 -5.399220
5.840000 0.056543 3.029647 -5.394637
5.850000 0.086783 3.023996 -5.390091
5.860000 0.116936 3.015329 -5.385604
5.870000 0.146972 3.003662 -5.381198
5.880000 0.176863 2.989017 -5.376893
5.890000 0.206577 2.971423 -5.372710
5.900000 0.236086 2.950912 -5.368668
5.910000 0.265361 2.927522 -5.364785
5.920000 0.294374 2.901296 -5.361079
5.930000 0.323097 2.872282 -5.357564
5.940000 0.351502 2.840532 -5.354254
5.950000 0.379563 2.806101 -5.351164
5.960000 0.407254 2.769050 -5.348303
5.970000 0.434548 2.729441 -5.345680
5.980000 0.461422 2.687341 -5.343305
5.990000 0.487850 2.642818 -5.341183
6.000000 0.513809 2.595946 -5.339319
6.010000 0.539277 2.546796 -5.337716
6.020000 0.564232 2.495444 -5.336376
6.030000 0.588651 2.441968 -5.335300
6.040000 0.612516 2.386444 -5.334486
6.050000 0.635805 2.328951 -5.333932
6.060000 0.658501 2.269568 -5.333634
6.070000 0.680585 2.208375 -5.333589
6.080000 0.702039 2.145450 -5.333791
6.090000 0.722848 2.080873 -5.334232
6.100000 0.742995 2.014720 -5.334908
6.110000 0.762466 1.947071 -5.335808
6.120000 0.781246 1.878000 -5.336926
6.130000 0.799322 1.807584 -5.338252
6.140000 0.816681 1.735895 -5.339778
6.150000 0.833311 1.663007 -5.341493
6.160000 0.849201 1.588991 -5.343388
6.170000 0.864340 1.513916 -5.345454
6.180000 0.878718 1.437849 -5.347679
6.190000 0.892327 1.360857 -5.350056
6.200000 0.905157 1.283004 -5.352572
6.210000 0.917200 1.204352 -5.355220
6.220000 0.928450 1.124961 -5.357989
6.230000 0.938899 1.044892 -5.360869
6.240000 0.948541 0.964201 -5.363851
6.250000 0.957370 0.882945 -5.366926
6.260000 0.965382 0.801177 -5.370085
6.270000 0.972572 0.718950 -5.373319
6.280000 0.978935 0.636316 -5.376619
6.290000 0.984468 0.553326 -5.379978
6.300000 0.989168 0.470028 -5.383386
6.310000 0.993033 0.386471 -5.386836
6.320000 0.996060 0.302703 -5.390320
6.330000 0.998248 0.218769 -5.393829
6.340000 0.999595 0.134717 -5.397357
6.350000 1.000101 0.050591 -5.400894
6.360000 0.999765 -0.033561 -5.404435
6.370000 0.998588 -0.117695 -5.407970
6.380000 0.996571 -0.201766 -5.411493
6.390000 0.993713 -0.285728 -5.414996
6.400000 0.990018 -0.369533 -5.418470
6.410000 0.985487 -0.453137 -5.421909
6.420000 0.980122 -0.536491 -5.425303
6.430000 0.973926 -0.619548 -5.428645
6.440000 0.966904 -0.702257 -5.431926
6.450000 0.959058 -0.784571 -5.435138
6.460000 0.950394 -0.866436 -5.438273
6.470000 0.940916 -0.947800 -5.441321
6.480000 0.930630 -1.028610 -5.444273
6.490000 0.919541 -1.108809 -5.447120
6.500000 0.907658 -1.188342 -5.449852
6.510000 0.894987 -1.267148 -5.452461
6.520000 0.881535 -1.345168 -5.454935
6.530000 0.867311 -1.422340 -5.457266
6.540000 0.852325 -1.498599 -5.459443
6.550000 0.836587 -1.573881 -5.461456
6.560000 0.820106 -1.648117 -5.463296
6.570000 0.802893 -1.721238 -5.464953
6.580000 0.784961 -1.793175 -5.466417
6.590000 0.766323 -1.863855 -5.467678
6.600000 0.746991 -1.933204 -5.468728
6.610000 0.726979 -2.001147 -5.469558
6.620000 0.706303 -2.067609 -5.470160
6.630000 0.684978 -2.132512 -5.470526
6.640000 0.663020 -2.195777 -5.470649
6.650000 0.640447 -2.257327 -5.470524
6.660000 0.617276 -2.317083 -5.470144
6.670000 0.593527 -2.374964 -5.469507
6.680000 0.569218 -2.430893 -5.468608
6.690000 0.544370 -2.484790 -5.467447
6.700000 0.519004 -2.536578 -5.466022
6.710000 0.493142 -2.586180 -5.464334
6.720000 0.466807 -2.633519 -5.462386
6.730000 0.440022 -2.678523 -5.460181
6.740000 0.412811 -2.721119 -5.457724
6.750000 0.385198 -2.761238 -5.455023
6.760000 0.357210 -2.798812 -5.452086
6.770000 0.328872 -2.833778 -5.448923
6.780000 0.300212 -2.866076 -5.445545
6.790000 0.271255 -2.895648 -5.441965
6.800000 0.242031 -2.922442 -5.438199
6.810000 0.212567 -2.946409 -5.434263
6.820000 0.182891 -2.967506 -5.430172
6.830000 0.153035 -2.985694 -5.425947
6.840000 0.123025 -3.000938 -5.421606
6.850000 0.092893 -3.013209 -5.417171
6.860000 0.062668 -3.022485 -5.412662
6.870000 0.032381 -3.028748 -5.408102
6.880000 0.002061 -3.031985 -5.403512
6.890000 -0.028261 -3.032191 -5.398915
6.900000 -0.058555 -3.029366 -5.394334
6.910000 -0.088790 -3.023513 -5.389791
6.920000 -0.118936 -3.014646 -5.385309
6.930000 -0.148964 -3.002781 -5.380908
6.940000 -0.178843 -2.987939 -5.376611
6.950000 -0.208545 -2.970150 -5.372437
6.960000 -0.238039 -2.949446 -5.368405
6.970000 -0.267298 -2.925867 -5.364533
6.980000 -0.296293 -2.899454 -5.360839
6.990000 -0.324995 -2.870256 -5.357337
7.000000 -0.353378 -2.838326 -5.354042
7.010000 -0.381416 -2.803719 -5.350966
7.020000 -0.409081 -2.766495 -5.348121
7.030000 -0.436348 -2.726719 -5.345515
7.040000 -0.463192 -2.684456 -5.343156
7.050000 -0.489590 -2.639775 -5.341051
7.060000 -0.515518 -2.592749 -5.339204
7.070000 -0.540952 -2.543450 -5.337619
7.080000 -0.565872 -2.491955 -5.336297
7.090000 -0.590255 -2.438340 -5.335238
7.100000 -0.614082 -2.382682 -5.334441
7.110000 -0.637332 -2.325061 -5.333904
7.120000 -0.659988 -2.265556 -5.333624
7.130000 -0.682030 -2.204245 -5.333595
7.140000 -0.703443 -2.141208 -5.333813
7.150000 -0.724208 -2.076524 -5.334270
7.160000 -0.744310 -2.010269 -5.334961
7.170000 -0.763736 -1.942523 -5.335876
7.180000 -0.782469 -1.873360 -5.337008
7.190000 -0.800498 -1.802857 -5.338348
7.200000 -0.817809 -1.731087 -5.339886
7.210000 -0.834390 -1.658122 -5.341613
7.220000 -0.850230 -1.584033 -5.343520
7.230000 -0.865319 -1.508890 -5.345597
7.240000 -0.879647 -1.432760 -5.347833
7.250000 -0.893204 -1.355708 -5.350219
7.260000 -0.905982 -1.277800 -5.352745
7.270000 -0.917973 -1.199097 -5.355400
7.280000 -0.929169 -1.119660 -5.358177
7.290000 -0.939565 -1.039547 -5.361064
7.300000 -0.949153 -0.958817 -5.364052
7.310000 -0.957928 -0.877525 -5.367133
7.320000 -0.965886 -0.795725 -5.370297
7.330000 -0.973020 -0.713470 -5.373536
7.340000 -0.979328 -0.630811 -5.376841
7.350000 -0.984806 -0.547798 -5.380203
7.360000 -0.989451 -0.464482 -5.383614
7.370000 -0.993260 -0.380909 -5.387067
7.380000 -0.996232 -0.297128 -5.390552
7.390000 -0.998363 -0.213185 -5.394063
7.400000 -0.999655 -0.129127 -5.397591
7.410000 -1.000105 -0.044998 -5.401130
7.420000 -0.999713 0.039154 -5.404670
7.430000 -0.998480 0.123286 -5.408205
7.440000 -0.996407 0.207351 -5.411727
7.450000 -0.993494 0.291303 -5.415228
7.460000 -0.989743 0.375097 -5.418700
7.470000 -0.985156 0.458686 -5.422136
7.480000 -0.979736 0.542021 -5.425527
7.490000 -0.973485 0.625056 -5.428865
7.500000 -0.966408 0.707741 -5.432142
7.510000 -0.958507 0.790026 -5.435349
7.520000 -0.949789 0.871860 -5.438478
7.530000 -0.940257 0.953189 -5.441520
7.540000 -0.929917 1.033960 -5.444465
7.550000 -0.918776 1.114117 -5.447305
7.560000 -0.906840 1.193603 -5.450030
7.570000 -0.894117 1.272359 -5.452629
7.580000 -0.880613 1.350325 -5.455095
7.590000 -0.866339 1.427438 -5.457415
7.600000 -0.851303 1.503634 -5.459582
7.610000 -0.835514 1.578848 -5.461584
7.620000 -0.818984 1.653012 -5.463412
7.630000 -0.801723 1.726057 -5.465057
7.640000 -0.783744 1.797913 -5.466507
7.650000 -0.765059 1.868507 -5.467755
7.660000 -0.745682 1.937765 -5.468791
7.670000 -0.725625 2.005612 -5.469606
7.680000 -0.704906 2.071972 -5.470192
7.690000 -0.683538 2.136768 -5.470542
7.700000 -0.661539 2.199922 -5.470649
7.710000 -0.638925 2.261356 -5.470507
7.720000 -0.615715 2.320989 -5.470110
7.730000 -0.591928 2.378743 -5.469455
7.740000 -0.567583 2.434539 -5.468539
7.750000 -0.542700 2.488299 -5.467360
7.760000 -0.517300 2.539944 -5.465918
7.770000 -0.491406 2.589397 -5.464213
7.780000 -0.465040 2.636584 -5.462247
7.790000 -0.438226 2.681430 -5.460025
7.800000 -0.410987 2.723863 -5.457552
7.810000 -0.383349 2.763815 -5.454835
7.820000 -0.355337 2.801218 -5.451883
7.830000 -0.326977 2.836008 -5.448705
7.840000 -0.298296 2.868126 -5.445313
7.850000 -0.269321 2.897516 -5.441721
7.860000 -0.240079 2.924123 -5.437943
7.870000 -0.210600 2.947901 -5.433995
7.880000 -0.180912 2.968806 -5.429895
7.890000 -0.151044 2.986799 -5.425662
7.900000 -0.121026 3.001846 -5.421314
7.910000 -0.090887 3.013919 -5.416873
7.920000 -0.060657 3.022995 -5.412360
7.930000 -0.030366 3.029057 -5.407797
7.940000 -0.000045 3.032093 -5.403206
7.950000 0.030276 3.032097 -5.398610
7.960000 0.060566 3.029070 -5.394030
7.970000 0.090797 3.023017 -5.389491
7.980000 0.120936 3.013950 -5.385013
7.990000 0.150955 3.001886 -5.380619
8.000000 0.180824 2.986848 -5.376329
8.010000 0.210512 2.968864 -5.372164
8.020000 0.239992 2.947968 -5.368142
8.030000 0.269234 2.924198 -5.364282
8.040000 0.298210 2.897599 -5.360600
8.050000 0.326892 2.868218 -5.357112
8.060000 0.355253 2.836108 -5.353831
8.070000 0.383266 2.801325 -5.350770
8.080000 0.410906 2.763930 -5.347940
8.090000 0.438145 2.723986 -5.345350
8.100000 0.464961 2.681560 -5.343008
8.110000 0.491328 2.636721 -5.340920
8.120000 0.517224 2.589541 -5.339091
8.130000 0.542625 2.540095 -5.337523
8.140000 0.567509 2.488456 -5.336218
8.150000 0.591856 2.434703 -5.335177
8.160000 0.615645 2.378912 -5.334397
8.170000 0.638857 2.321164 -5.333878
8.180000 0.661472 2.261536 -5.333614
8.190000 0.683473 2.200108 -5.333602
8.200000 0.704843 2.136959 -5.333836
8.210000 0.725565 2.072168 -5.334309
8.220000 0.745623 2.005812 -5.335014
8.230000 0.765003 1.937969 -5.335944
8.240000 0.783690 1.868715 -5.337091
8.250000 0.801671 1.798125 -5.338444
8.260000 0.818934 1.726273 -5.339995
8.270000 0.835466 1.653232 -5.341735
8.280000 0.851257 1.579071 -5.343653
8.290000 0.866295 1.503860 -5.345741
8.300000 0.880572 1.427666 -5.347987
8.310000 0.894077 1.350556 -5.350382
8.320000 0.906803 1.272593 -5.352917
8.330000 0.918742 1.193839 -5.355581
8.340000 0.929885 1.114355 -5.358365
8.350000 0.940227 1.034200 -5.361259
8.360000 0.949762 0.953431 -5.364254
8.370000 0.958483 0.872103 -5.367341
8.380000 0.966385 0.790271 -5.370510
8.390000 0.973465 0.707987 -5.373754
8.400000 0.979718 0.625303 -5.377063
8.410000 0.985141 0.542269 -5.380428
8.420000 0.989730 0.458934 -5.383842
8.430000 0.993484 0.375347 -5.387297
8.440000 0.996399 0.291553 -5.390785
8.450000 0.998475 0.207601 -5.394297
8.460000 0.999711 0.123537 -5.397826
8.470000 1.000105 0.039405 -5.401365
8.480000 0.999657 -0.044748 -5.404905
8.490000 0.998369 -0.128876 -5.408440
8.500000 0.996239 -0.212935 -5.411960
8.510000 0.993270 -0.296878 -5.415460
8.520000 0.989464 -0.380660 -5.418930
8.530000 0.984821 -0.464233 -5.422363
8.540000 0.979346 -0.547550 -5.425750
8.550000 0.973040 -0.630564 -5.429085
8.560000 0.965908 -0.713224 -5.432357
8.570000 0.957953 -0.795480 -5.435560
8.580000 0.949180 -0.877282 -5.438683
8.590000 0.939595 -0.958576 -5.441719
8.600000 0.929202 -1.039308 -5.444658
8.610000 0.918007 -1.119422 -5.447490
8.620000 0.906019 -1.198861 -5.450206
8.630000 0.893243 -1.277567 -5.452797
8.640000 0.879688 -1.355478 -5.455253
8.650000 0.865363 -1.432532 -5.457564
8.660000 0.850276 -1.508665 -5.459720
8.670000 0.834438 -1.583811 -5.461711
8.680000 0.817859 -1.657903 -5.463527
8.690000 0.800551 -1.730871 -5.465159
8.700000 0.782524 -1.802645 -5.466597
8.710000 0.763793 -1.873152 -5.467830
8.720000 0.744369 -1.942319 -5.468852
8.730000 0.724269 -2.010070 -5.469652
8.740000 0.703505 -2.076328 -5.470223
8.750000 0.682095 -2.141018 -5.470557
8.760000 0.660055 -2.204060 -5.470647
8.770000 0.637401 -2.265376 -5.470488
8.780000 0.614152 -2.324887 -5.470075
8.790000 0.590327 -2.382513 -5.469403
8.800000 0.565945 -2.438177 -5.468469
8.810000 0.541027 -2.491798 -5.467273
8.820000 0.515594 -2.543300 -5.465813
8.830000 0.489668 -2.592605 -5.464090
8.840000 0.463272 -2.639638 -5.462107
8.850000 0.436428 -2.684326 -5.459869
8.860000 0.409162 -2.726597 -5.457379
8.870000 0.381499 -2.766381 -5.454646
8.880000 0.353463 -2.803612 -5.451678
8.890000 0.325080 -2.838227 -5.448486
8.900000 0.296379 -2.870165 -5.445080
8.910000 0.267385 -2.899371 -5.441475
8.920000 0.238127 -2.925792 -5.437685
8.930000 0.208633 -2.949380 -5.433727
8.940000 0.178932 -2.970093 -5.429618
8.950000 0.149053 -2.987890 -5.425376
8.960000 0.119026 -3.002741 -5.421022
8.970000 0.088880 -3.014615 -5.416576
8.980000 0.058645 -3.023491 -5.412058
8.990000 0.028351 -3.029353 -5.407493
9.000000 -0.001971 -3.032187 -5.402900
9.010000 -0.032290 -3.031990 -5.398304
9.020000 -0.062578 -3.028762 -5.393727
9.030000 -0.092803 -3.022508 -5.389191
9.040000 -0.122936 -3.013241 -5.384718
9.050000 -0.152945 -3.000979 -5.380330
9.060000 -0.182803 -2.985744 -5.376048
9.070000 -0.212478 -2.967565 -5.371892
9.080000 -0.241943 -2.946477 -5.367880
9.090000 -0.271168 -2.922518 -5.364031
9.100000 -0.300126 -2.895732 -5.360362
9.110000 -0.328787 -2.866168 -5.356887
9.120000 -0.357126 -2.833878 -5.353620
9.130000 -0.385115 -2.798920 -5.350575
9.140000 -0.412729 -2.761353 -5.347760
9.150000 -0.439941 -2.721242 -5.345187
9.160000 -0.466728 -2.678654 -5.342862
9.170000 -0.493064 -2.633657 -5.340791
9.180000 -0.518928 -2.586324 -5.338978
9.190000 -0.544295 -2.536729 -5.337428
9.200000 -0.569144 -2.484948 -5.336141
9.210000 -0.593455 -2.431057 -5.335117
9.220000 -0.617206 -2.375134 -5.334355
9.230000 -0.640379 -2.317258 -5.333852
9.240000 -0.662954 -2.257508 -5.333605
9.250000 -0.684914 -2.195963 -5.333610
9.260000 -0.706241 -2.132703 -5.333860
9.270000 -0.726919 -2.067805 -5.334349
9.280000 -0.746932 -2.001348 -5.335069
9.290000 -0.766266 -1.933409 -5.336014
9.300000 -0.784907 -1.864064 -5.337174
9.310000 -0.802841 -1.793388 -5.338541
9.320000 -0.820055 -1.721455 -5.340105
9.330000 -0.836539 -1.648336 -5.341857
9.340000 -0.852280 -1.574103 -5.343787
9.350000 -0.867268 -1.498825 -5.345885
9.360000 -0.881494 -1.422569 -5.348142
9.370000 -0.894948 -1.345400 -5.350547
9.380000 -0.907621 -1.267382 -5.353090
9.390000 -0.919507 -1.188578 -5.355763
9.400000 -0.930598 -1.109048 -5.358554
9.410000 -0.940886 -1.028850 -5.361455
9.420000 -0.950367 -0.948042 -5.364457
9.430000 -0.959033 -0.866679 -5.367549
9.440000 -0.966882 -0.784815 -5.370724
9.450000 -0.973907 -0.702503 -5.373972
9.460000 -0.980105 -0.619795 -5.377285
9.470000 -0.985472 -0.536739 -5.380654
9.480000 -0.990006 -0.453386 -5.384071
9.490000 -0.993704 -0.369783 -5.387528
9.500000 -0.996563 -0.285978 -5.391018
9.510000 -0.998584 -0.202017 -5.394531
9.520000 -0.999763 -0.117946 -5.398061
9.530000 -1.000101 -0.033812 -5.401600
9.540000 -0.999598 0.050341 -5.405141
9.550000 -0.998253 0.134466 -5.408674
9.560000 -0.996068 0.218519 -5.412194
9.570000 -0.993043 0.302453 -5.415691
9.580000 -0.989181 0.386222 -5.419159
9.590000 -0.984483 0.469779 -5.422589
9.600000 -0.978953 0.553078 -5.425974
9.610000 -0.972592 0.636069 -5.429304
9.620000 -0.965405 0.718704 -5.432573
9.630000 -0.957396 0.800932 -5.435770
9.640000 -0.948568 0.882702 -5.438888
9.650000 -0.938929 0.963960 -5.441917
9.660000 -0.928482 1.044652 -5.444849
9.670000 -0.917235 1.124724 -5.447674
9.680000 -0.905194 1.204116 -5.450383
9.690000 -0.892366 1.282771 -5.452965
9.700000 -0.878760 1.360626 -5.455412
9.710000 -0.864384 1.437621 -5.457713
9.720000 -0.849247 1.513691 -5.459858
9.730000 -0.833359 1.588769 -5.461837
9.740000 -0.816731 1.662789 -5.463642
9.750000 -0.799375 1.735680 -5.465261
9.760000 -0.781301 1.807372 -5.466685
9.770000 -0.762523 1.877792 -5.467905
9.780000 -0.743054 1.946867 -5.468912
9.790000 -0.722909 2.014521 -5.469697
9.800000 -0.702102 2.080678 -5.470252
9.810000 -0.680650 2.145260 -5.470570
9.820000 -0.658568 2.208190 -5.470644
9.830000 -0.635874 2.269388 -5.470469
9.840000 -0.612586 2.328777 -5.470038
9.850000 -0.588723 2.386275 -5.469349
9.860000 -0.564305 2.441805 -5.468398
9.870000 -0.539352 2.495288 -5.467184
9.880000 -0.513886 2.546646 -5.465706
9.890000 -0.487928 2.595802 -5.463966
9.900000 -0.461501 2.642682 -5.461967
9.910000 -0.434629 2.687211 -5.459711
9.920000 -0.407336 2.729319 -5.457205
9.930000 -0.379646 2.768935 -5.454456
9.940000 -0.351586 2.805994 -5.451473
9.950000 -0.323182 2.840433 -5.448266
9.960000 -0.294460 2.872192 -5.444847
9.970000 -0.265448 2.901214 -5.441229
9.980000 -0.236174 2.927448 -5.437427
9.990000 -0.206665 2.950847 -5.433459
10.000000 -0.176951 2.971366 -5.429340
